68 252 175 151 167 49 46 25 133 222 133 180 195 15 53 34 142 25 125 205 70 27 208 212 73 68 127 199 181 167 148 65
9 152 61 5 167 3 139 86 64 80 100 68 126 59 77 26 73 34 142 246 193 153 43 221 243 140 24 36 131 110 22 47
14 90 55 232 179 252 147 55 109 82 84 77 59 243 214 254 212 255 92 187 226 94 128 233 21 25 133 55 222 153 223 102
135 188 55 62 200 26 85 49 63 188 89 96 191 190 246 75 107 159 27 87 203 34 136 146 91 66 80 131 41 75 70 125
232 88 255 6 75 144 101 107 225 157 180 207 115 132 89 10 256 112 171 80 70 5 45 30 98 3 140 49 209 114 186 249
161 147 27 196 59 142 140 135 2 193 67 193 187 139 93 189 8 52 48 190 235 221 111 62 206 23 49 159 39 24 172 78
25 41 57 252 187 66 246 229 248 51 88 114 127 162 17 192 226 205 3 76 103 115 118 108 17 62 202 59 118 84 43 72
24 187 227 148 165 25 45 73 146 230 126 201 134 205 47 39 116 103 241 178 248 151 138 193 255 139 186 101 175 39 137 101
182 133 231 251 63 173 112 135 45 173 106 176 79 99 176 149 97 211 175 179 154 126 229 99 155 10 161 45 253 15 74 131
142 3 148 236 248 31 29 199 15 137 12 207 159 122 219 234 45 133 217 15 155 40 74 174 245 169 15 169 111 11 208 112
166 171 58 152 74 191 127 57 242 196 11 125 3 191 226 241 43 84 148 220 222 90 210 240 65 173 98 93 121 223 103 194
33 159 22 154 235 112 79 90 128 246 163 179 236 69 35 203 248 141 10 11 55 84 93 107 23 101 95 98 184 71 20 102
108 83 165 192 222 114 250 26 70 198 130 174 24 33 65 29 161 122 197 198 71 153 213 190 226 48 198 108 137 230 42 53
3 216 151 53 9 130 221 246 121 160 127 179 56 100 245 80 111 153 96 234 166 109 97 186 249 99 198 103 93 47 155 213
214 153 158 159 103 76 56 162 158 83 247 252 114 159 102 82 88 47 101 238 35 16 179 65 223 233 10 59 22 220 95 237
76 95 86 207 244 190 231 73 123 240 193 128 1 155 210 86 101 172 62 111 214 24 204 167 99 40 11 62 236 1 218 76
177 183 108 106 127 69 107 191 148 245 176 175 199 36 47 135 206 102 126 39 71 154 139 1 41 242 43 87 38 44 101 181
217 214 41 34 153 50 18 12 150 40 9 88 122 16 82 7 209 190 133 14 252 130 22 170 123 82 70 256 239 61 13 160
3 36 230 120 130 68 125 227 199 187 245 9 73 22 150 77 43 6 250 104 8 169 162 85 32 58 60 235 142 132 26 52
60 229 7 54 132 20 44 11 228 131 186 165 168 232 94 127 123 171 246 27 183 7 210 16 210 123 183 134 81 22 97 60
181 226 106 142 156 77 13 185 73 151 133 237 235 36 100 146 112 54 115 187 69 179 110 194 174 241 5 208 175 9 46 98
57 131 34 76 27 255 180 199 60 198 162 65 134 117 67 62 122 252 247 3 101 2 177 94 112 8 124 243 12 256 202 113
61 173 55 211 223 20 232 162 84 204 94 152 14 127 157 158 172 202 9 19 75 14 183 216 193 91 67 211 192 219 21 187
90 185 4 250 14 232 9 138 7 71 49 180 114 227 47 85 115 140 64 49 91 105 58 99 156 223 38 171 7 105 139 188
95 51 252 136 12 204 177 136 60 31 242 159 18 237 126 76 154 219 29 250 212 188 33 140 236 89 73 7 60 112 78 121
230 41 153 256 93 221 5 235 182 248 254 213 56 165 180 15 118 244 73 72 29 229 129 53 207 223 223 58 37 223 113 167
87 238 43 11 159 112 56 119 238 202 11 12 226 226 109 69 172 102 97 224 125 39 17 148 246 130 16 5 12 160 99 187
150 157 109 78 140 152 169 215 161 48 76 13 199 193 225 107 204 69 58 61 99 176 152 199 136 19 146 14 185 247 180 129
80 238 145 192 157 179 252 222 232 120 57 194 208 244 126 11 198 38 212 18 112 105 155 232 2 150 133 42 192 213 51 63
132 100 160 254 123 156 73 26 159 100 215 102 228 96 184 253 229 218 10 76 91 104 206 114 173 121 187 229 153 186 150 41
244 58 237 69 208 103 71 31 242 22 208 61 8 120 47 83 212 130 152 81 244 98 239 99 106 97 20 140 173 86 38 83
206 216 107 77 80 43 164 175 85 188 252 129 162 6 65 88 111 78 154 229 32 96 3 244 29 191 217 222 185 208 221 158
