89 89 28 126 124 58 53 116 8 23 71 1 101 106 14 21
73 98 89 121 102 116 114 78 125 61 112 102 61 86 63 4
46 127 11 100 75 109 83 108 123 19 75 22 49 91 42 26
62 72 9 115 113 66 117 118 1 70 17 17 119 34 65 45
37 114 12 63 124 77 64 6 128 57 74 45 121 57 68 56
34 96 69 123 63 70 6 121 106 9 109 88 121 95 65 36
69 14 67 103 16 30 84 74 21 112 8 22 75 55 24 21
14 62 61 44 100 118 44 87 33 102 63 106 86 74 109 71
18 54 56 95 18 43 6 57 3 37 49 39 128 68 4 88
82 38 82 68 106 106 2 11 69 57 43 14 85 47 36 127
26 88 103 91 71 88 84 15 16 97 4 42 3 17 29 82
86 81 31 107 69 32 115 116 99 58 25 64 128 76 84 108
70 108 128 111 114 101 23 83 126 51 27 37 6 49 94 82
10 94 34 108 52 90 16 92 91 38 49 104 23 74 112 125
100 89 95 119 29 67 62 33 115 36 125 32 115 92 58 62
111 107 117 55 119 64 12 92 117 80 86 7 5 96 125 19
