350 17 201 428 29 37 91 94 158 352 224 379 12 227 372 354 192 486 387 134 315 161 297 266 377 221 475 443 23 74 485 391 352 19 174 97 310 177 45 210 249 472 199 279 210 180 431 491 432 395 151 86 347 496 130 70 437 331 129 148 151 97 7 236 245 267 276 22 439 30 61 33 364 9 252 384 392 189 345 56 19 57 182 154 372 415 194 452 194 152 293 298 220 475 424 228 354 91 105 27 81 282 29 389 266 113 475 328 244 67 127 247 233 382 145 61 334 9 420 145 21 201 60 82 114 326 47 364
320 350 30 176 46 395 125 165 246 104 215 294 320 166 427 39 18 20 93 484 219 294 468 233 376 256 468 8 483 372 309 361 475 283 135 61 34 136 154 110 80 406 355 9 488 104 78 46 262 81 443 306 457 77 459 373 420 73 178 141 27 256 409 358 254 416 180 470 421 87 208 190 46 319 102 27 380 398 303 383 200 70 203 60 125 334 483 353 87 110 161 162 315 85 420 69 189 150 244 466 128 117 496 163 187 329 444 176 299 12 163 198 148 32 68 113 431 290 139 190 446 301 142 290 64 290 326 259
325 410 310 116 202 159 450 437 178 371 150 410 305 23 358 463 329 486 56 50 128 379 17 342 207 124 130 230 304 185 440 86 141 62 477 220 323 436 467 441 140 487 422 143 178 131 303 371 169 424 359 135 189 45 39 69 144 287 427 471 289 221 265 188 164 321 348 419 432 251 332 264 261 431 23 207 495 286 267 478 294 52 340 8 396 365 65 62 432 140 303 477 420 347 52 414 162 402 183 67 229 160 100 372 426 397 293 115 473 252 245 354 458 441 326 131 371 331 215 265 117 214 203 386 274 129 158 377
440 364 380 41 285 243 408 48 188 229 451 91 464 338 493 161 98 347 247 351 477 374 28 48 84 411 277 190 434 256 383 489 360 45 13 56 318 179 225 293 217 355 86 373 159 102 116 43 300 361 321 404 198 482 161 68 381 77 163 120 182 88 150 58 6 83 325 147 59 239 252 44 150 129 45 367 325 21 53 420 139 30 25 376 454 15 495 133 155 8 241 44 34 29 423 377 412 427 108 301 322 412 69 418 9 53 98 78 124 164 351 60 204 76 110 50 420 303 317 7 333 91 91 24 366 47 257 201
339 189 466 8 247 258 111 10 191 39 181 39 441 156 419 41 94 184 302 22 476 479 76 71 234 145 2 325 423 283 369 222 53 32 440 476 373 95 372 253 356 408 8 239 33 273 403 166 465 258 383 450 236 18 233 212 458 362 419 6 353 231 249 223 305 400 262 86 154 243 322 16 320 472 383 223 303 206 459 78 367 106 202 353 58 145 53 206 153 90 476 346 462 203 95 212 26 86 473 315 170 453 106 405 107 398 91 357 54 336 257 96 22 351 317 210 394 366 372 91 376 156 127 191 256 147 273 195
360 278 92 134 349 460 411 453 116 310 400 484 402 132 332 119 488 352 397 427 43 376 415 350 127 422 212 457 33 490 21 160 230 223 118 235 9 271 421 190 108 33 235 202 493 108 322 77 309 95 318 417 105 287 104 128 274 274 104 15 129 55 482 495 260 127 154 365 356 101 232 176 261 256 322 324 360 366 376 137 261 415 436 134 182 255 445 124 264 148 158 82 453 370 369 18 276 363 374 290 386 395 313 117 54 124 82 89 102 73 423 261 423 471 26 351 363 291 492 22 3 263 256 103 95 369 91 211
133 493 24 385 468 468 295 374 238 259 161 299 316 26 162 449 198 107 309 476 282 60 447 441 47 279 38 323 91 75 49 22 171 363 116 184 327 340 328 22 258 420 156 395 210 107 271 44 282 330 15 315 403 283 34 489 173 162 164 314 195 105 88 273 275 405 56 225 441 380 279 179 8 20 314 198 71 62 416 114 14 185 7 152 46 69 383 320 417 79 395 223 224 326 98 339 253 359 417 99 19 334 283 348 374 213 229 30 480 94 94 52 332 8 92 15 324 122 124 299 220 434 52 154 190 400 139 281
68 466 435 70 251 235 281 434 5 249 279 493 299 466 245 147 292 375 274 17 362 97 494 98 487 313 48 36 39 388 70 79 61 490 291 454 180 473 45 25 138 19 221 360 220 374 406 76 408 58 34 88 126 455 141 404 342 52 182 47 458 370 222 327 8 130 382 92 83 438 36 145 56 419 421 387 151 16 260 287 47 2 87 392 465 313 112 88 350 232 150 111 493 237 59 137 128 234 267 54 431 490 328 304 427 59 122 444 48 73 485 129 185 114 158 328 26 336 285 202 458 53 431 421 170 178 22 427
177 440 488 449 202 98 452 16 10 220 162 37 324 356 64 424 426 279 230 240 290 295 200 389 354 51 231 486 203 39 453 475 126 224 458 106 50 309 381 179 93 424 298 373 300 190 262 81 387 185 484 150 22 224 190 238 458 207 359 468 86 238 42 305 179 251 253 440 419 173 224 91 261 50 315 325 431 248 38 324 251 394 228 464 417 327 458 247 45 428 69 159 364 162 211 116 314 106 246 106 467 97 346 467 176 172 324 131 173 415 309 423 293 247 393 398 494 293 496 181 252 259 258 382 13 277 426 163
129 247 150 336 398 424 430 285 312 154 379 294 129 36 97 442 424 256 482 45 476 73 135 393 261 84 330 172 486 183 279 424 26 353 291 149 490 4 361 100 300 425 182 110 316 492 139 426 57 249 383 354 117 312 157 147 424 415 307 111 178 425 402 439 326 345 119 202 282 118 458 236 277 483 2 307 91 229 477 26 245 481 233 464 385 311 175 218 375 432 146 165 34 450 58 337 404 149 88 244 468 202 159 184 52 53 128 111 19 422 384 125 466 444 423 94 290 447 374 371 146 492 66 206 247 351 123 467
303 265 316 96 491 95 62 264 43 340 483 338 11 159 101 356 79 200 370 177 85 142 186 434 303 56 52 358 232 191 119 251 440 273 325 379 271 425 467 429 36 59 396 270 119 238 199 84 417 127 405 135 407 370 118 345 110 102 161 117 477 207 66 340 417 466 298 286 291 40 348 97 311 402 235 283 164 493 161 390 56 63 178 165 335 153 286 109 224 184 279 406 493 365 95 411 408 347 139 386 112 169 203 221 310 423 230 426 197 34 45 85 181 118 240 340 393 305 386 451 425 339 423 131 269 263 13 128
184 215 459 333 15 232 339 15 411 358 172 226 40 228 283 399 489 29 142 181 95 78 47 28 211 297 325 244 393 201 201 282 69 242 204 382 486 41 473 3 235 289 76 416 485 160 4 48 281 183 375 337 362 388 101 202 285 364 339 423 397 370 202 253 245 180 452 103 286 250 136 341 207 173 7 109 344 64 4 154 32 428 161 295 169 475 151 276 72 319 78 178 352 113 484 272 463 140 115 386 436 287 212 246 377 190 316 117 324 26 65 234 37 96 38 116 448 337 290 340 247 276 311 102 175 345 87 457
132 416 209 179 44 484 22 16 414 71 314 86 358 134 320 465 337 79 179 351 257 61 424 32 327 251 226 216 45 389 68 137 227 105 31 260 148 131 141 359 460 39 468 453 411 271 263 246 389 29 450 250 356 350 454 332 438 356 107 127 45 444 493 242 104 191 272 491 375 436 28 186 438 202 273 163 276 87 18 57 136 375 407 74 356 248 367 203 212 184 258 405 165 399 337 275 227 259 377 196 11 472 72 421 325 448 206 87 410 106 196 227 93 425 74 114 449 266 279 73 81 202 112 375 383 412 60 161
83 218 163 64 430 370 47 357 210 477 299 493 167 153 495 213 413 87 18 198 266 31 123 52 310 428 475 423 162 347 450 401 413 338 109 227 22 316 361 336 332 444 283 223 294 408 369 227 411 122 213 46 491 118 12 421 9 336 356 137 91 472 349 447 433 472 377 129 491 69 483 201 196 272 315 81 269 264 223 134 106 240 421 375 54 493 124 495 364 133 262 445 84 493 434 399 459 111 163 118 482 381 286 455 214 86 32 7 176 49 451 183 256 238 448 56 191 486 496 285 99 169 464 283 106 125 281 170
136 44 467 299 439 295 486 395 37 106 467 487 80 338 316 417 256 477 328 114 464 301 187 188 77 462 130 266 316 26 212 217 32 426 67 457 237 157 29 403 278 488 484 196 189 262 229 42 95 48 78 41 142 163 148 144 222 280 269 16 305 140 200 232 349 282 276 378 449 330 483 148 406 6 31 178 298 417 342 266 347 446 36 354 446 81 184 405 67 169 248 261 370 161 136 493 470 81 114 290 216 80 450 416 142 345 112 432 144 107 379 355 404 124 73 323 74 307 392 239 89 445 350 109 44 347 80 138
156 230 95 104 143 189 340 491 232 163 325 88 147 135 374 96 62 55 233 450 248 323 460 43 23 310 366 172 59 439 153 413 56 192 338 150 83 46 280 102 278 85 248 392 53 358 358 317 214 420 173 103 9 375 44 421 210 270 433 12 162 425 13 123 300 429 183 159 216 438 71 424 2 193 222 181 474 255 349 19 191 298 150 166 309 275 328 295 214 249 490 257 446 277 356 488 158 250 25 381 376 130 441 440 6 327 19 133 371 213 315 372 108 475 87 126 33 284 188 384 281 369 94 8 335 235 154 414
195 165 40 63 466 55 453 231 470 70 216 205 476 484 73 282 148 152 419 207 200 434 442 221 327 320 382 59 138 448 297 80 198 377 152 422 470 452 99 451 423 412 240 489 191 142 335 456 388 346 296 254 235 488 363 104 69 150 170 86 28 250 274 42 245 353 207 76 17 73 329 114 391 284 324 333 485 252 57 33 231 250 406 472 227 357 143 463 61 149 115 362 81 147 428 257 329 229 54 231 254 353 493 38 22 19 488 383 203 42 448 11 190 142 170 282 238 97 412 119 357 329 26 319 419 353 94 108
377 397 384 45 384 256 1 86 258 94 39 388 64 253 264 111 18 196 298 350 268 410 35 493 358 368 386 423 168 291 43 267 210 376 320 177 379 383 314 341 379 468 125 15 385 344 424 449 78 251 137 386 329 109 40 277 112 99 220 332 288 381 246 396 136 20 171 408 489 462 173 63 429 307 256 279 187 351 281 102 487 305 245 461 51 389 433 387 195 402 244 308 284 271 274 295 50 105 411 413 105 24 276 42 330 22 285 357 447 463 372 485 69 251 241 34 375 111 290 302 99 435 459 301 226 84 475 241
422 261 169 230 363 247 484 48 258 181 274 19 16 387 211 126 396 482 130 110 180 490 481 86 119 15 236 345 93 111 198 251 243 160 451 392 349 62 465 214 274 484 103 210 169 206 297 89 156 43 381 249 355 184 146 240 215 282 449 48 421 113 451 491 7 275 229 460 97 360 389 270 67 355 150 412 276 444 362 240 338 4 139 226 476 375 58 304 457 215 391 93 219 311 276 254 66 240 284 178 59 249 326 54 93 449 52 83 33 277 276 382 251 66 37 205 9 83 438 268 402 425 476 351 17 292 399 76
480 460 123 141 451 2 303 90 475 481 482 314 203 205 466 479 351 220 2 123 200 118 321 314 288 458 196 314 468 7 125 313 341 484 411 69 9 40 39 214 183 228 437 225 327 47 250 140 450 60 99 90 302 376 151 444 423 261 418 156 141 90 173 7 455 321 145 11 94 153 262 162 359 219 480 129 418 378 81 85 230 220 386 25 357 409 231 442 58 111 374 182 117 113 407 296 327 435 39 141 295 265 349 172 403 334 114 132 359 244 347 185 209 222 78 403 112 96 152 62 403 122 328 94 250 347 272 376
269 368 176 454 330 250 79 423 454 154 305 158 142 208 102 164 297 103 16 74 290 236 171 252 335 469 115 143 434 253 138 192 407 357 384 39 282 461 402 112 80 84 288 447 216 120 37 31 110 248 366 83 125 24 132 4 421 31 154 169 37 182 359 159 16 20 409 108 440 282 270 180 269 119 191 494 376 67 330 343 156 12 330 358 273 486 301 104 199 269 360 268 267 341 79 384 33 246 69 150 333 393 228 18 310 264 143 451 25 188 334 321 70 136 461 450 145 30 383 438 432 453 433 244 341 244 398 293
450 42 451 319 415 408 411 32 41 471 208 42 213 311 356 75 3 307 311 13 9 418 421 250 77 413 3 381 274 337 360 151 202 97 171 418 58 359 423 42 37 383 184 125 209 245 183 178 355 121 10 73 408 291 193 169 67 65 204 28 121 244 368 120 62 359 403 482 253 410 211 456 48 227 116 21 207 184 290 307 463 118 145 408 130 461 132 360 67 307 237 173 201 56 60 37 321 73 273 268 86 239 451 361 271 15 214 182 128 204 406 254 75 202 111 74 185 126 299 303 137 15 93 242 189 346 321 153
77 74 305 489 135 30 200 345 88 32 454 432 93 424 210 405 407 307 77 434 116 193 254 205 283 382 217 188 190 447 24 193 42 278 256 140 163 457 275 267 150 325 393 219 475 180 241 359 463 313 455 303 171 118 396 163 3 302 148 274 467 361 170 389 238 44 236 9 449 123 262 386 349 240 83 333 9 140 460 151 250 442 326 277 356 424 129 330 53 338 317 30 261 65 327 121 40 210 194 233 332 258 495 248 145 318 334 327 453 449 443 103 108 397 235 407 346 122 309 334 112 137 49 476 399 330 90 190
176 353 115 436 337 422 123 82 10 39 5 235 349 19 3 181 426 384 248 256 419 21 374 291 166 298 9 343 408 298 232 335 28 329 406 352 12 443 325 246 474 246 63 454 166 453 455 267 59 167 458 168 165 95 83 297 167 115 15 88 125 68 493 69 212 132 487 361 313 302 405 112 374 418 267 461 438 492 212 351 394 311 116 479 248 33 203 218 332 147 309 473 91 404 94 75 142 385 247 483 66 464 483 422 94 106 243 124 39 346 363 440 325 400 151 276 141 336 56 14 12 474 178 451 332 82 101 464
53 493 362 51 240 126 137 415 93 43 413 306 424 176 209 185 412 137 493 140 291 482 46 23 239 323 301 275 95 17 457 453 380 54 167 320 334 14 402 454 362 492 70 345 67 311 325 408 141 7 411 402 77 379 457 28 490 416 189 44 417 301 182 241 442 350 219 360 185 420 402 463 233 210 109 269 41 266 472 91 441 307 50 453 280 48 289 317 459 433 340 59 30 86 126 200 34 410 408 76 109 178 32 161 442 32 216 119 440 399 136 205 348 485 492 118 23 394 225 296 348 53 154 394 495 142 183 344
4 357 210 43 141 307 471 453 155 26 86 429 105 30 8 65 473 54 100 57 29 432 184 168 440 376 147 359 124 482 152 24 384 397 83 177 27 162 49 136 197 214 144 160 288 431 248 49 200 195 475 74 163 83 1 427 146 367 307 318 418 336 45 473 391 385 448 434 413 238 188 268 332 166 469 181 44 193 105 27 219 461 248 422 339 316 103 488 469 480 112 250 429 149 72 349 35 215 140 307 59 31 94 382 488 309 408 50 468 235 245 431 172 51 249 392 74 231 219 231 89 264 178 269 348 13 385 255
108 111 400 119 220 92 104 322 148 343 431 485 29 139 217 201 469 284 342 416 369 8 459 189 254 158 347 174 448 166 222 412 360 228 168 174 115 199 80 342 490 442 401 457 491 340 89 130 496 169 171 150 185 314 47 39 117 1 337 436 378 290 35 220 132 266 278 226 235 162 153 65 276 254 217 6 231 471 253 58 37 216 179 356 318 179 219 35 329 459 388 312 182 175 375 263 455 215 398 331 312 150 22 1 154 21 288 379 153 468 336 87 220 9 430 163 423 414 255 149 145 394 387 344 483 443 213 377
491 489 95 18 449 234 450 64 60 134 54 55 364 147 486 197 325 486 161 21 106 275 256 387 2 12 144 98 105 289 496 84 269 269 210 392 443 174 219 242 73 424 233 397 63 41 166 284 289 474 240 28 116 19 84 259 125 477 467 61 358 414 321 314 481 126 327 485 50 229 126 224 158 123 255 45 305 456 67 403 449 440 308 205 460 15 7 413 159 188 60 118 328 315 258 180 368 435 440 403 262 88 345 163 234 53 462 374 56 151 296 217 362 334 9 159 145 376 75 206 159 275 444 65 216 7 53 465
126 406 296 476 207 32 454 367 359 135 128 405 264 199 349 48 459 32 39 59 20 323 249 71 17 140 284 302 398 432 61 230 279 145 419 343 136 30 224 16 293 41 358 429 488 296 381 99 70 28 185 248 408 209 235 342 410 12 37 406 91 266 141 142 182 135 217 209 2 51 60 296 409 114 213 471 60 47 257 58 99 360 97 156 98 391 9 147 442 275 265 403 212 6 246 395 247 277 61 249 231 128 408 14 39 395 479 237 327 73 396 174 394 63 49 121 390 101 53 85 373 419 444 4 306 23 35 81
436 278 444 446 142 225 215 353 170 277 338 107 478 396 154 108 150 40 360 95 226 154 184 464 3 372 73 60 261 275 306 209 443 113 56 7 460 227 401 203 390 78 320 23 383 298 489 183 72 33 72 107 12 440 463 220 78 41 200 157 403 359 53 419 358 108 475 37 284 304 38 223 138 202 63 32 479 189 43 72 436 133 322 404 236 408 295 336 109 30 108 11 491 426 38 281 156 42 205 305 83 8 432 266 18 74 153 2 3 141 355 298 209 341 405 147 352 243 368 207 285 212 237 3 305 340 256 302
201 439 14 296 337 351 335 483 67 377 351 240 392 72 20 368 154 110 301 355 161 255 315 190 451 481 308 30 224 264 479 405 461 21 206 326 162 132 276 442 91 96 295 211 397 159 425 139 295 267 411 492 48 286 487 44 160 496 187 130 109 48 102 388 300 114 474 150 165 458 284 121 356 412 451 1 276 474 460 269 493 217 400 162 410 371 46 99 59 217 492 272 415 455 150 229 191 16 486 300 197 319 403 345 119 150 333 186 285 414 436 218 57 337 17 334 198 358 449 195 195 61 382 257 242 318 452 358
439 134 438 341 446 218 374 252 111 29 385 428 345 169 91 409 112 461 29 83 102 394 391 405 153 13 487 223 133 38 237 310 381 138 479 393 451 307 439 182 45 226 271 219 311 70 470 18 158 324 452 486 60 482 472 74 465 200 75 78 472 229 286 88 390 483 356 338 330 56 464 395 225 296 360 210 364 300 107 223 236 245 293 156 59 408 219 199 496 492 250 206 228 342 231 38 6 306 156 485 262 311 373 476 13 493 48 394 74 368 22 285 203 333 160 70 58 142 118 372 402 150 61 394 404 478 176 112
238 86 268 53 1 270 213 222 214 139 385 425 488 445 35 213 259 446 19 376 241 69 464 4 371 45 362 122 366 221 475 409 448 72 55 101 361 340 270 304 479 438 118 303 406 236 46 380 210 368 194 484 120 68 379 486 33 236 136 301 109 176 449 381 161 351 143 439 266 81 338 237 44 280 334 274 137 368 390 133 180 401 120 235 363 363 28 387 37 483 403 277 126 173 269 391 434 300 300 329 325 108 230 110 1 177 83 426 5 454 247 220 488 333 368 122 176 383 176 252 209 309 142 372 36 452 339 436
9 434 363 347 491 407 495 413 435 213 214 141 354 54 435 331 373 382 253 241 344 28 106 385 5 263 199 393 258 3 376 201 129 407 244 322 141 424 337 410 259 263 488 260 380 280 336 195 309 432 244 408 36 429 34 428 135 264 248 13 193 344 272 98 152 445 64 403 58 67 492 172 403 473 116 167 232 79 275 193 440 105 253 140 122 241 135 69 415 47 422 179 337 327 389 143 114 364 342 230 14 192 284 56 75 179 216 66 314 37 433 417 24 334 362 260 251 174 344 100 317 274 68 356 116 351 284 315
386 367 4 266 102 405 354 137 219 440 138 84 138 176 476 193 7 324 366 259 76 111 355 304 402 142 305 408 262 429 465 255 471 238 248 466 218 318 493 417 479 61 417 342 131 383 220 491 437 22 280 130 232 174 297 484 453 357 61 288 164 43 98 176 320 73 51 239 73 436 355 35 66 324 49 303 98 370 276 405 259 495 438 250 484 150 387 76 388 323 463 26 129 216 114 148 333 184 204 408 469 100 95 263 404 21 463 444 342 155 386 408 155 11 364 461 440 449 40 380 293 8 321 272 464 92 410 110
430 378 127 129 20 472 352 225 437 18 303 172 120 289 319 83 387 381 2 61 250 376 132 148 132 122 377 158 422 396 368 234 84 376 100 46 113 52 397 44 333 182 325 214 198 308 246 155 95 461 195 374 299 359 111 53 66 406 325 472 213 444 253 230 428 50 210 10 84 446 374 305 391 131 236 319 291 184 324 18 385 90 355 351 367 344 136 485 88 128 157 87 436 138 338 108 283 38 22 52 460 273 405 493 195 356 101 161 41 80 381 167 227 30 439 337 232 331 264 418 257 436 31 190 127 374 407 467
160 268 463 411 396 314 181 277 457 270 328 373 47 407 418 27 315 5 21 125 437 179 38 246 134 32 294 306 329 477 413 145 423 360 208 6 365 11 359 281 452 48 431 165 318 64 327 254 415 482 97 415 185 321 113 401 485 312 301 328 296 41 26 34 10 334 414 17 457 238 185 6 351 303 413 35 69 442 25 449 334 238 41 256 340 479 31 220 59 254 87 209 495 67 2 197 471 165 80 71 475 227 465 252 432 447 147 239 163 247 327 432 491 262 438 220 5 216 76 474 452 128 305 440 468 245 356 397
471 105 209 154 224 362 428 353 364 354 146 11 15 427 405 147 104 414 269 10 455 448 64 285 63 489 237 279 487 467 357 5 333 488 298 327 315 142 261 333 247 270 469 360 75 191 263 424 223 16 396 199 110 287 269 256 443 28 432 67 196 24 441 134 115 68 480 29 32 45 1 455 418 129 258 13 379 353 382 413 23 51 88 152 350 340 409 196 87 67 327 455 133 19 163 258 352 270 68 267 171 201 404 197 23 184 16 49 129 38 184 257 265 307 419 98 352 12 367 369 29 249 43 177 69 385 410 7
198 238 141 8 439 89 41 185 288 242 186 267 229 191 161 307 372 421 138 23 123 82 22 428 196 342 239 76 176 284 29 304 196 463 209 388 4 141 380 380 139 479 99 206 97 170 342 132 39 49 61 453 413 29 440 470 222 156 70 123 449 312 277 344 169 145 373 381 356 440 203 235 117 180 129 37 458 476 95 339 299 125 159 222 116 266 115 91 356 170 401 365 93 12 148 40 300 156 153 85 294 61 146 156 349 85 89 106 214 195 230 206 161 22 213 220 22 119 94 157 437 349 180 289 493 418 184 242
195 15 65 302 61 214 351 34 236 171 214 272 474 81 189 292 475 136 338 102 412 469 58 147 90 157 493 117 286 39 234 82 438 44 485 304 225 76 312 75 255 424 471 329 225 230 370 316 301 284 418 173 312 30 67 419 82 338 436 115 477 122 358 291 82 421 290 461 319 198 42 125 146 305 94 20 109 388 193 187 12 215 291 206 252 13 291 96 472 326 345 470 221 3 196 453 256 40 268 75 374 364 427 272 366 180 107 146 412 63 62 4 16 298 479 254 42 457 219 407 28 243 283 256 143 451 238 53
157 116 304 51 267 438 257 319 275 315 72 369 438 218 402 199 209 460 197 427 125 281 59 204 438 448 326 126 243 175 453 100 85 293 16 473 277 60 301 224 375 146 436 287 391 175 459 224 408 404 483 411 183 102 323 474 192 281 210 50 327 447 270 423 337 477 27 339 158 258 359 323 189 165 359 305 102 177 382 228 483 173 204 248 231 459 156 320 48 391 199 125 360 433 131 106 421 370 431 485 198 81 91 416 141 46 213 188 397 358 56 182 83 419 295 238 259 81 58 277 376 318 193 287 367 253 380 162
388 94 77 330 134 337 73 78 224 483 413 423 273 259 145 237 440 149 121 481 401 24 395 80 266 199 157 213 336 391 262 474 47 150 173 229 165 247 426 264 450 157 270 237 398 182 305 423 346 43 329 23 458 74 137 243 272 227 375 8 13 175 254 71 356 420 289 171 309 435 438 182 83 406 41 120 55 295 476 128 284 166 361 480 461 269 33 426 9 491 21 367 77 81 368 411 196 231 378 386 492 70 431 420 411 92 490 52 468 301 56 170 246 286 216 77 114 372 118 274 74 162 295 451 185 148 162 242
411 131 492 153 452 460 136 225 125 353 236 159 466 169 431 413 398 52 409 484 188 368 216 332 18 294 259 473 366 57 340 29 20 61 86 291 82 398 420 472 366 116 325 273 173 76 81 473 16 58 369 15 162 436 415 122 131 309 117 9 434 141 272 409 435 254 340 87 402 299 167 348 180 393 337 482 11 353 99 26 277 362 326 6 360 272 221 124 2 33 102 87 484 70 205 68 238 348 18 184 188 399 323 43 485 302 185 74 11 402 144 489 133 492 178 5 304 76 63 17 310 388 166 496 420 145 279 355
439 317 122 303 276 465 39 455 240 9 305 87 429 232 157 158 222 475 485 196 232 386 39 371 54 449 208 390 299 6 367 131 111 149 195 393 82 69 138 416 414 87 254 101 233 465 24 293 432 152 165 337 14 232 95 28 227 157 463 405 422 381 238 351 287 189 480 328 298 220 211 388 255 165 268 425 448 390 112 216 400 151 461 77 337 474 118 414 388 114 167 175 270 346 200 100 331 274 441 375 228 93 11 144 178 378 450 297 96 350 314 406 304 287 229 206 124 90 2 297 55 320 106 358 100 427 302 353
272 44 127 131 243 294 13 401 100 269 72 372 99 99 136 31 463 441 339 275 333 271 24 296 47 478 386 207 250 123 117 192 314 371 316 440 231 414 435 445 266 82 425 244 102 170 143 174 285 55 95 35 161 321 7 345 144 395 137 300 167 245 302 160 332 184 425 280 396 142 154 319 253 414 46 232 39 42 495 123 89 14 435 328 418 22 431 394 302 56 40 147 180 356 309 480 6 144 154 475 99 392 328 9 343 298 374 389 133 492 40 22 60 495 62 6 159 285 83 219 59 125 435 134 195 249 31 299
10 113 133 408 121 186 292 277 93 111 185 92 12 481 251 283 108 492 490 139 455 326 371 286 118 312 147 160 79 206 429 159 201 88 472 65 455 391 152 364 351 225 385 47 356 193 137 185 343 290 210 491 160 21 169 75 207 254 81 289 398 289 107 95 292 100 383 230 201 422 88 457 194 95 172 19 105 147 125 30 438 184 350 62 405 359 231 226 428 273 4 414 37 367 286 322 426 487 219 33 70 286 20 302 333 485 254 265 349 23 159 196 206 17 144 166 393 49 389 147 312 438 424 434 191 230 347 405
396 64 136 209 237 330 321 152 204 246 219 303 423 396 357 165 319 472 408 226 79 274 40 379 421 336 62 34 299 383 419 52 329 163 81 195 351 292 349 37 143 63 398 237 348 56 180 156 139 375 411 99 51 277 40 250 416 268 368 400 411 66 316 391 342 411 309 363 469 258 347 476 315 64 59 84 295 342 262 434 217 335 253 344 181 27 102 375 312 364 171 91 283 485 324 383 64 27 147 304 384 347 142 264 36 316 150 362 333 230 100 39 1 323 240 185 233 27 302 91 133 13 319 256 192 3 446 191
487 51 225 102 342 4 478 141 482 451 7 258 428 273 144 408 328 39 115 309 476 277 200 29 77 308 23 103 400 74 48 114 7 311 182 305 263 318 478 328 297 47 308 116 398 474 182 327 23 22 139 120 493 339 329 127 398 259 455 429 50 155 200 15 396 19 269 10 233 82 117 29 388 9 370 121 321 392 79 222 475 345 168 238 163 408 448 423 273 96 256 452 201 372 161 200 35 281 68 315 84 434 261 462 173 267 109 116 173 149 411 297 334 165 228 87 84 397 454 286 354 202 476 102 476 281 319 61
349 183 204 432 359 212 343 469 159 417 205 204 114 62 247 397 374 53 212 458 67 7 61 7 319 282 461 75 341 87 432 310 482 258 208 138 121 417 104 302 385 296 355 178 206 408 95 45 170 31 445 315 78 162 384 221 151 31 251 438 104 316 240 422 136 398 338 99 12 193 478 286 24 28 50 325 279 443 200 395 196 277 39 130 335 57 116 123 294 416 74 303 420 374 479 112 483 6 282 418 402 487 58 15 35 126 37 157 353 83 42 432 379 397 222 337 36 361 282 269 315 292 143 278 237 290 344 15
396 171 99 275 196 270 44 59 439 38 401 390 339 335 329 161 202 175 46 14 330 421 447 461 9 302 447 7 420 146 381 173 446 188 207 56 203 340 120 267 455 39 291 451 23 145 463 422 183 17 164 393 192 249 277 443 373 332 116 375 449 45 23 33 73 353 403 432 411 351 461 374 334 283 74 237 357 251 119 464 389 104 298 190 149 176 476 349 389 441 326 231 192 272 180 168 352 380 113 131 420 296 221 203 158 362 283 192 374 39 165 434 147 434 283 406 240 441 445 102 485 391 100 184 247 61 63 262
367 317 484 353 288 25 107 318 475 286 34 306 53 322 157 192 156 110 36 404 253 237 283 206 467 358 335 486 58 495 172 59 343 418 439 446 478 194 226 212 8 406 368 376 150 101 372 452 65 308 218 243 4 197 396 278 43 162 125 335 390 455 443 438 407 328 451 205 224 487 272 60 387 336 491 44 309 280 22 294 362 433 50 319 291 168 265 460 294 220 150 276 448 428 216 216 307 208 213 429 253 422 53 59 369 270 93 283 437 397 33 450 31 267 117 447 382 7 249 117 84 301 108 92 464 440 156 319
33 73 375 197 59 496 223 45 332 383 467 21 83 446 11 426 208 459 419 159 383 307 232 127 147 184 405 151 2 208 82 381 453 493 288 289 86 303 91 321 204 390 163 369 335 31 316 269 136 481 365 487 365 198 159 5 39 260 274 187 126 160 282 31 372 274 275 370 237 149 128 230 355 474 238 50 469 474 24 386 74 52 266 445 139 132 329 428 139 240 143 89 248 332 283 391 316 320 201 89 485 463 52 25 171 268 246 343 341 462 347 62 48 118 483 192 224 403 219 245 349 121 227 463 45 325 318 352
114 283 423 309 373 197 167 104 54 399 263 37 227 444 203 162 392 443 357 434 237 360 381 18 231 49 394 239 35 2 328 298 434 413 436 150 134 98 163 17 448 440 329 205 69 376 406 331 280 75 387 275 447 320 448 380 267 277 493 496 54 56 380 370 293 53 287 326 358 393 392 315 413 203 134 458 138 346 374 32 137 90 476 343 122 207 441 381 394 81 320 63 187 169 281 338 456 60 164 196 454 256 305 246 127 274 418 90 135 346 206 30 460 477 238 11 166 78 118 482 247 251 142 22 71 246 392 56
192 215 185 87 210 494 326 269 458 389 20 391 199 215 22 455 395 12 29 74 261 154 182 243 323 199 184 138 410 392 378 123 259 453 187 311 429 134 229 323 152 291 86 90 445 459 466 220 44 181 346 126 256 478 345 300 201 268 39 417 257 11 120 496 26 188 229 65 415 455 278 309 397 375 329 151 134 440 182 128 118 120 165 450 76 344 343 249 405 14 244 61 236 73 347 231 301 224 184 271 4 417 290 371 304 342 149 348 482 185 123 75 29 157 47 53 447 300 395 388 91 135 82 57 50 55 104 89
460 344 96 312 345 40 246 120 188 379 92 271 487 414 284 468 277 148 365 189 197 285 257 236 316 376 401 69 114 88 436 475 279 88 118 491 6 372 41 373 305 136 152 174 80 165 105 104 236 361 154 480 89 394 222 434 444 480 175 262 48 482 138 325 69 26 135 21 442 470 237 59 104 26 91 421 261 85 43 100 427 312 365 440 372 56 393 120 146 58 98 80 343 324 168 27 407 230 5 365 238 129 202 424 265 8 109 25 124 212 371 49 95 277 100 39 426 103 305 10 360 133 162 22 60 83 430 276
283 243 381 239 317 404 242 361 20 432 45 145 227 65 48 359 169 470 180 217 119 410 455 427 299 405 326 368 89 344 308 170 208 492 443 291 117 192 425 361 53 248 258 2 162 85 472 150 42 496 1 172 193 351 45 376 210 206 274 373 222 245 181 424 279 118 170 88 216 416 297 356 309 261 389 157 192 32 403 134 85 59 243 459 117 451 93 422 216 299 198 206 159 130 163 258 84 300 253 149 315 306 364 258 408 48 274 460 287 463 436 79 433 132 262 356 101 359 493 69 223 164 446 42 474 86 184 284
338 13 314 468 81 481 225 470 56 79 105 253 428 10 345 340 110 55 56 106 403 2 407 479 115 242 473 352 202 386 109 90 193 386 266 241 307 288 317 84 224 405 344 273 73 311 457 440 405 446 190 214 297 50 344 135 14 299 150 309 82 246 190 279 159 242 258 61 154 436 343 349 257 6 471 34 49 413 347 124 416 381 471 168 329 131 466 450 198 9 214 166 363 25 36 363 381 355 379 336 179 29 19 4 146 285 40 295 329 478 488 439 327 432 154 60 471 179 324 138 443 191 444 70 123 368 478 171
291 160 9 35 426 164 256 84 88 73 293 368 374 182 403 365 225 467 243 3 449 164 429 369 155 395 417 419 326 420 232 161 335 266 477 39 354 10 438 210 438 49 408 183 493 294 245 277 244 352 292 118 323 192 298 316 429 78 468 386 489 210 78 430 90 82 210 411 147 50 391 30 161 476 157 188 70 63 188 226 2 421 218 254 413 420 445 493 279 166 372 317 149 487 196 186 157 285 188 241 327 15 396 435 367 449 456 110 39 63 69 127 290 254 175 143 298 171 36 97 293 243 129 376 61 415 335 406
334 442 443 220 127 6 228 276 253 164 494 170 207 229 114 301 30 422 329 427 123 127 335 41 220 463 125 40 84 269 424 320 245 141 291 495 136 217 247 417 242 470 183 216 287 470 309 289 451 303 341 238 208 156 218 267 302 269 284 76 84 284 404 369 234 213 83 176 387 436 168 52 156 222 235 91 412 243 420 19 447 474 323 416 175 360 311 470 97 354 449 409 237 323 116 43 199 70 248 470 350 411 42 283 277 192 50 408 138 152 249 429 380 454 94 30 10 93 17 344 289 225 323 13 277 339 52 370
215 442 16 178 79 439 340 260 130 395 383 86 255 372 114 31 493 352 286 419 207 451 424 177 421 358 211 272 399 138 411 283 56 299 186 189 290 416 476 345 317 139 229 226 445 53 235 386 309 338 275 303 65 185 355 140 479 454 468 486 455 390 80 18 218 73 377 217 162 178 442 485 384 192 146 258 420 1 391 377 376 445 271 351 37 300 289 384 107 170 155 146 433 101 102 133 99 238 393 306 125 36 391 18 367 316 247 251 239 329 357 336 85 265 91 151 437 361 466 410 9 460 7 22 261 126 399 414
408 384 396 189 294 43 60 186 433 290 359 443 494 272 175 93 244 417 27 53 210 106 85 387 367 9 143 16 379 461 427 246 141 155 292 496 431 197 311 271 128 212 248 323 290 205 274 477 71 259 178 285 23 18 355 9 220 212 274 464 352 492 358 244 314 485 447 446 349 385 56 294 348 464 416 11 374 41 260 8 83 97 456 176 365 375 207 308 340 228 421 231 166 298 331 419 252 424 246 487 170 237 98 367 13 299 429 297 9 371 12 453 344 115 231 116 145 11 11 471 326 315 447 183 351 120 243 74
202 259 361 106 48 133 371 345 80 104 108 424 192 300 57 398 315 156 229 194 24 140 403 259 250 66 464 227 273 137 476 81 384 369 430 256 293 189 35 288 309 341 265 429 361 422 364 415 420 223 419 93 242 275 98 184 235 227 466 473 336 216 277 362 437 396 356 107 227 212 242 436 224 249 214 162 140 195 315 336 12 321 6 49 468 308 163 381 494 248 114 84 78 11 302 236 157 480 279 17 11 330 391 241 155 480 57 59 105 193 170 26 156 109 323 431 277 30 333 229 452 112 176 441 473 253 332 389
488 69 353 394 264 111 431 196 150 25 463 373 298 386 479 235 27 235 34 454 12 495 360 219 13 208 233 70 130 61 306 315 193 494 333 161 367 382 297 133 399 206 278 326 418 393 302 438 303 124 95 58 361 323 64 112 120 379 353 114 314 320 208 139 263 40 424 466 153 392 85 308 136 13 235 227 259 346 327 172 293 474 333 329 155 11 448 492 428 131 183 440 349 142 332 279 36 432 90 398 184 10 112 454 218 304 276 470 451 437 453 18 208 338 446 284 397 259 457 289 65 281 141 182 52 488 278 284
442 182 493 212 245 465 121 392 435 51 309 353 16 5 373 222 350 164 412 280 222 2 145 246 472 259 327 354 385 314 409 480 148 383 226 373 237 30 237 304 101 401 266 106 363 360 432 54 270 177 123 302 401 389 322 402 363 363 454 415 33 458 124 433 51 201 346 50 396 294 393 386 336 30 337 387 356 6 35 36 176 129 335 279 27 28 288 164 360 493 95 63 120 329 300 351 14 105 463 192 490 80 219 239 372 275 94 33 180 128 177 353 331 95 26 225 54 42 205 449 217 402 267 457 404 258 270 291
455 42 461 493 36 477 88 21 56 186 325 453 89 451 70 239 258 492 234 141 2 192 78 116 328 335 65 275 23 37 165 135 492 170 261 5 138 428 220 134 122 305 155 101 160 159 98 348 161 186 128 63 317 211 23 32 449 73 474 423 471 473 421 338 349 418 293 433 120 319 360 202 293 431 63 379 472 71 68 329 108 483 105 358 44 434 154 252 359 481 428 175 90 432 162 135 107 298 10 231 247 68 275 48 219 247 67 211 279 445 142 449 45 426 289 214 474 21 496 248 2 287 84 265 187 92 155 165
132 436 62 248 118 220 190 375 458 279 209 477 477 39 488 46 469 213 92 270 326 27 295 480 400 230 298 1 294 320 484 291 179 299 486 389 434 109 406 212 453 142 425 199 405 438 471 157 283 238 312 17 167 39 333 360 431 466 351 362 78 31 481 385 76 342 373 37 39 221 179 56 470 462 344 102 230 344 471 398 329 237 125 18 194 122 248 215 262 262 307 149 96 172 337 231 251 361 265 59 176 348 346 436 79 300 102 21 362 75 403 310 194 401 479 35 40 192 265 4 86 174 427 259 28 49 64 129
103 423 147 353 487 263 46 15 204 272 38 461 371 262 225 146 188 58 377 423 55 140 342 99 388 365 215 397 39 291 474 407 158 190 399 342 275 428 125 38 370 185 494 459 188 143 113 360 194 397 470 409 455 333 197 409 86 150 328 495 412 280 421 340 352 434 390 105 323 298 441 332 494 467 305 346 453 384 257 487 215 362 335 419 50 420 234 411 294 197 144 267 240 308 220 169 175 237 280 427 34 447 352 418 353 250 22 148 402 254 1 398 292 468 393 268 453 18 283 374 265 477 312 67 311 237 241 200
145 303 88 344 91 1 163 402 448 173 66 225 339 133 309 338 296 182 332 43 231 71 21 109 12 255 27 479 9 220 86 248 202 227 387 234 480 65 365 387 406 360 302 40 265 109 148 275 372 408 245 487 217 33 125 486 349 30 244 401 32 215 14 20 211 364 182 269 6 385 75 285 145 456 167 378 254 390 436 377 486 28 339 467 305 430 491 212 109 395 400 202 172 78 382 370 493 244 373 62 445 89 289 343 16 37 352 193 462 236 118 310 98 286 10 312 113 287 339 331 300 175 485 25 369 103 62 337
258 386 289 466 407 96 41 191 368 446 495 68 229 258 43 247 486 91 190 441 32 151 313 37 476 319 64 64 477 91 494 138 462 139 345 34 44 72 219 9 221 398 160 212 289 104 404 405 350 200 350 450 29 109 472 313 163 286 472 305 340 50 379 178 353 243 390 52 209 362 404 83 89 320 380 247 349 110 103 167 225 492 277 63 94 98 475 105 170 205 86 121 351 295 339 489 261 53 474 184 215 443 196 236 215 69 14 133 237 493 490 260 109 57 40 149 170 318 89 116 292 412 346 317 358 441 463 98
72 302 453 295 35 494 380 321 246 67 213 229 213 233 135 491 421 109 332 194 316 139 13 411 61 365 460 452 390 418 199 71 148 78 2 111 295 292 316 71 93 272 93 449 447 107 185 484 472 121 363 494 426 25 420 77 440 173 419 273 387 426 487 96 383 164 65 202 199 244 333 81 239 11 54 318 378 174 72 423 1 367 172 417 333 8 402 262 355 399 112 113 91 354 184 134 305 162 112 31 301 286 403 255 248 266 362 169 128 478 464 195 145 184 52 256 153 75 452 225 110 98 424 259 469 428 335 262
78 462 461 123 109 161 8 104 10 339 464 400 102 21 312 286 177 302 164 377 325 278 262 219 202 185 149 282 200 496 195 178 278 461 324 463 347 104 14 86 306 7 46 285 456 301 468 322 484 413 27 224 14 145 338 210 90 391 10 195 22 6 109 44 26 258 476 21 330 158 246 353 492 94 464 6 270 286 387 108 155 43 98 334 406 208 90 59 110 466 27 228 271 163 310 129 63 41 21 441 226 364 151 336 268 57 326 22 492 461 187 149 178 16 449 167 100 303 295 333 114 36 115 412 484 278 104 469
305 143 169 400 40 189 333 478 230 318 18 93 404 46 469 60 484 98 96 288 309 452 401 263 407 410 272 381 220 96 131 10 156 117 481 263 131 208 97 368 234 370 89 353 118 63 82 425 211 268 423 186 196 292 134 166 267 258 62 69 477 105 305 35 232 240 199 312 170 389 136 257 289 377 415 32 271 312 121 405 262 496 270 72 144 260 10 123 476 75 301 269 50 382 112 78 490 69 318 297 160 253 226 109 237 233 134 240 375 223 440 398 152 145 452 202 270 380 316 243 186 417 450 389 187 207 456 255
178 223 371 134 462 107 432 313 316 30 253 65 357 455 141 322 20 397 412 165 259 400 74 211 319 398 224 130 68 80 370 368 428 2 285 82 319 233 222 158 211 378 84 81 85 229 22 151 282 277 104 34 332 401 276 202 177 449 38 291 137 48 264 262 443 267 59 131 351 467 69 200 267 467 359 346 330 478 451 486 254 301 90 302 225 310 346 51 417 88 390 108 467 2 47 176 260 352 134 418 68 469 72 41 429 136 477 394 437 426 32 419 223 298 266 275 19 386 268 493 218 273 407 355 256 485 5 399
22 339 409 357 218 416 115 76 18 194 84 280 230 458 305 234 313 345 130 469 379 55 13 369 170 180 50 10 385 475 337 467 217 131 170 75 298 229 353 83 137 224 156 69 116 301 353 408 402 281 220 36 27 167 338 76 204 183 403 89 114 304 461 120 202 164 87 209 183 217 134 340 289 414 105 394 372 314 486 222 168 47 320 399 341 325 144 186 66 344 137 160 254 19 354 64 92 251 171 307 304 13 356 451 405 319 178 136 290 485 196 439 88 434 140 250 47 463 48 397 338 162 7 284 494 129 90 63
221 272 204 3 105 47 118 42 232 175 78 359 164 296 7 186 172 29 305 443 303 228 478 116 284 432 181 366 320 127 327 339 149 7 213 257 255 167 95 458 330 209 236 215 317 355 380 494 253 211 412 7 43 6 418 59 321 193 333 60 88 39 366 96 57 126 284 214 161 430 427 239 481 256 454 431 261 340 248 419 5 448 24 144 51 249 269 377 99 354 222 62 124 173 120 340 442 474 236 385 139 211 443 110 401 135 476 99 393 117 483 36 459 246 302 369 245 430 17 159 3 382 425 222 131 25 14 23
470 4 277 24 76 312 225 383 170 188 370 272 327 235 65 147 277 20 375 166 287 298 253 303 109 426 132 328 252 360 329 153 323 188 336 116 102 467 230 387 476 188 151 256 428 361 43 196 489 117 309 168 140 404 357 202 482 488 408 301 130 53 280 348 350 423 56 151 195 421 148 291 228 366 203 201 302 93 389 82 83 390 29 326 141 246 352 28 255 340 72 419 393 446 370 407 101 56 461 333 152 486 246 25 110 284 451 462 463 190 146 211 462 9 188 225 252 415 331 124 272 471 442 178 273 122 164 66
251 306 259 53 210 7 31 90 370 451 254 427 298 104 288 315 50 231 319 382 274 259 4 472 82 340 95 95 423 274 482 183 11 339 397 378 82 64 51 470 269 94 256 260 349 103 10 401 467 467 81 39 353 24 443 440 215 83 119 313 195 226 177 484 363 84 331 162 231 338 349 338 284 254 393 63 440 311 334 460 42 382 395 312 367 306 163 408 223 303 130 384 370 391 32 433 64 399 172 238 486 66 73 155 334 437 191 285 398 417 489 191 216 425 68 10 120 425 65 404 333 213 281 335 236 309 108 255
488 244 231 407 6 97 255 375 346 53 60 102 440 451 10 187 367 379 308 345 203 432 361 410 381 77 73 332 346 45 233 440 224 306 447 100 274 88 166 477 280 142 491 31 459 383 235 155 238 434 311 216 258 472 308 90 488 448 469 181 482 154 329 240 132 452 43 457 495 287 160 341 45 309 119 207 270 323 17 101 343 6 117 439 407 236 304 199 440 61 242 249 368 92 40 65 490 218 257 449 334 401 175 352 297 138 339 165 160 382 491 130 4 425 390 377 255 143 71 73 156 101 408 394 63 465 33 236
4 42 407 51 484 8 95 162 195 254 363 401 179 393 6 252 271 388 455 168 185 362 226 398 154 376 266 227 86 240 100 314 380 405 377 139 33 250 162 138 82 313 260 125 488 367 149 100 58 471 358 2 290 482 336 15 349 368 383 213 17 445 10 270 213 96 358 330 113 175 270 441 158 284 77 133 277 219 150 308 26 229 360 279 330 46 240 420 449 313 386 274 87 132 2 6 203 382 477 23 161 156 44 437 1 302 318 469 67 75 101 227 141 289 371 443 454 230 104 314 340 207 164 481 307 208 256 71
23 385 328 78 335 437 133 235 406 383 266 313 368 446 451 405 419 291 4 234 62 285 114 126 48 55 136 230 18 454 270 30 80 270 27 228 54 489 317 431 476 483 329 443 227 496 301 492 35 168 390 425 397 116 279 68 428 250 421 126 2 31 8 101 336 474 220 116 98 217 382 413 446 382 293 2 267 444 270 271 130 341 127 160 388 177 25 289 261 36 248 267 475 297 342 368 457 461 85 470 99 400 485 225 341 282 451 345 60 118 331 22 363 305 5 412 263 196 370 127 256 355 172 73 492 275 174 14
144 159 55 488 193 280 129 204 207 491 73 15 310 369 178 298 55 167 119 459 444 252 49 58 484 120 389 349 474 485 416 212 321 401 376 273 350 7 275 386 143 240 41 141 266 310 478 137 24 34 358 325 476 146 369 20 368 11 367 301 62 401 381 262 23 188 106 91 413 421 53 347 195 52 297 174 257 330 446 461 78 462 345 100 213 264 237 453 456 368 175 202 46 166 60 199 424 298 452 11 20 379 253 427 129 187 78 353 37 248 341 458 471 140 22 10 108 243 170 229 173 269 456 28 46 49 430 361
285 349 261 163 355 87 5 19 61 98 353 263 358 471 384 388 464 109 64 261 330 205 9 161 19 202 27 231 479 309 15 451 40 211 197 133 251 281 187 287 178 118 460 108 372 290 192 401 86 123 95 484 466 173 88 250 417 384 463 493 168 284 229 74 13 345 386 33 71 461 332 277 348 465 156 5 303 325 248 37 102 420 440 324 262 261 245 233 96 233 239 413 162 340 26 388 129 487 104 482 83 428 458 441 364 266 264 128 55 235 423 105 57 116 238 201 98 299 195 206 371 308 316 21 340 395 203 461
111 64 228 280 267 212 46 402 235 352 238 382 216 402 167 248 153 237 370 191 65 485 368 9 378 387 114 355 108 140 148 381 340 170 116 469 395 166 344 52 140 233 305 98 291 409 217 256 474 392 146 375 352 13 45 212 382 20 75 129 156 144 195 128 205 322 323 68 458 495 151 92 282 72 457 50 171 87 63 186 34 350 124 69 81 219 93 464 167 388 342 99 130 246 121 99 275 277 121 35 94 351 111 431 312 227 46 73 10 436 326 389 195 299 29 275 404 135 100 260 317 126 293 177 239 407 483 111
306 269 270 409 238 465 231 86 195 236 386 103 47 249 32 58 242 434 262 399 263 332 386 283 152 15 97 265 127 57 325 426 77 160 91 118 157 280 80 179 130 115 128 232 296 308 153 90 365 59 138 391 38 183 80 134 73 317 320 312 179 43 34 89 222 271 148 283 304 400 477 399 90 186 247 286 338 134 14 339 451 208 138 11 438 83 109 471 388 53 6 284 391 154 330 293 334 224 394 333 21 306 92 472 121 489 274 384 329 271 234 484 214 252 408 265 393 47 220 218 342 73 402 135 196 490 439 7
79 339 74 342 421 197 152 262 159 266 178 256 461 248 126 334 96 443 132 200 104 150 254 90 494 133 471 63 123 263 416 493 373 158 382 245 389 347 259 346 247 450 17 268 23 377 417 200 219 314 68 257 308 276 339 268 223 387 316 84 475 91 5 345 406 209 51 307 91 104 377 451 251 101 381 267 168 147 458 484 61 142 120 438 239 337 352 488 450 181 213 458 437 144 63 428 76 74 480 470 121 412 85 88 78 52 152 241 311 253 284 81 80 226 486 422 45 371 470 342 332 289 15 461 490 38 441 246
201 409 335 29 173 327 464 399 102 241 231 263 17 445 237 484 33 62 4 383 160 323 136 442 21 364 23 490 112 304 310 18 432 319 435 331 27 135 218 463 425 393 251 212 165 108 328 30 302 126 488 22 186 422 372 105 231 46 22 200 192 334 325 337 137 452 343 433 42 21 288 253 19 36 432 14 426 11 479 118 449 406 320 479 433 407 473 470 229 324 22 177 271 424 302 105 69 311 362 205 169 406 103 18 154 445 246 144 327 140 337 63 402 322 361 186 211 59 30 14 306 215 491 43 331 493 371 81
117 363 442 89 231 301 299 386 466 251 269 14 209 99 330 200 42 244 437 168 34 366 403 50 84 18 89 473 335 375 174 359 256 430 280 474 286 329 264 40 123 145 75 93 163 238 351 67 157 107 202 398 201 66 257 34 393 349 279 346 101 74 442 56 242 160 405 13 475 136 379 317 309 484 158 460 110 55 250 255 321 451 478 489 151 420 469 398 426 284 486 479 228 303 206 284 51 293 377 100 196 448 152 54 204 117 268 423 124 361 261 317 237 7 361 261 376 171 270 434 26 214 15 256 496 47 29 454
311 199 401 336 307 63 103 318 75 60 49 368 90 40 291 408 116 398 303 458 191 152 152 140 30 457 150 313 412 472 469 19 270 326 213 486 108 300 159 330 31 79 253 102 15 293 266 462 375 230 140 173 79 479 413 104 250 9 373 56 103 411 130 221 43 336 157 82 5 225 130 489 246 61 329 447 210 349 215 419 61 301 157 159 2 10 85 414 38 296 406 35 51 233 478 363 298 140 479 282 491 305 273 89 182 222 64 275 367 401 371 92 74 317 338 71 196 205 281 174 89 127 33 273 328 103 6 365
149 38 70 195 158 330 208 420 69 32 308 318 255 419 367 54 373 218 80 381 410 147 407 9 277 95 353 122 172 28 294 13 437 217 328 416 307 302 303 464 81 397 117 245 428 262 243 50 347 124 493 72 496 377 467 403 480 380 158 240 221 262 83 3 283 164 117 416 242 326 155 434 390 112 246 352 330 399 119 21 429 223 368 158 229 366 119 32 210 284 170 50 35 312 162 448 161 49 56 309 310 332 2 22 357 126 285 252 448 407 175 407 153 52 310 260 81 263 27 71 307 488 171 66 301 287 169 106
395 345 83 145 131 176 283 469 305 455 16 263 147 129 247 329 434 426 329 322 54 172 451 401 382 385 378 180 186 413 126 344 392 369 64 47 99 296 367 181 262 454 31 396 441 239 236 202 24 243 429 445 478 405 326 356 98 40 481 257 379 100 475 349 8 413 349 21 406 364 487 114 467 346 172 380 78 307 245 232 189 279 43 457 167 227 51 448 199 5 130 217 153 277 164 398 460 125 75 83 268 98 7 301 361 46 235 40 460 36 2 124 108 214 495 58 109 329 373 321 148 128 27 207 165 456 455 86
379 94 141 424 334 461 331 412 437 318 393 189 426 190 429 388 141 123 121 400 166 338 119 489 185 390 436 168 353 392 128 493 231 175 78 479 253 152 318 494 164 432 26 74 427 262 256 422 199 451 217 361 140 366 421 410 2 115 255 310 260 69 216 140 50 213 199 489 84 496 96 33 446 236 120 239 89 370 402 29 75 46 249 94 346 314 1 388 416 105 361 79 344 215 478 179 11 250 343 28 388 360 401 294 214 156 303 302 57 434 269 370 130 151 112 167 105 231 445 341 245 343 373 320 230 180 134 212
422 348 29 294 133 289 438 5 366 49 204 474 28 15 18 439 320 212 371 455 53 28 15 122 340 77 247 459 327 73 336 487 85 412 57 431 39 88 236 26 462 216 326 68 495 177 90 233 349 146 29 162 78 205 348 10 67 151 32 135 309 169 147 465 178 391 169 374 364 308 25 57 238 253 301 72 49 244 235 63 453 468 309 220 155 422 184 270 369 373 347 24 456 135 479 376 121 147 430 271 391 62 289 465 28 418 347 426 407 261 372 173 417 189 348 45 220 354 11 62 417 60 458 105 342 321 34 246
486 408 109 71 392 486 210 18 104 406 385 458 261 208 139 148 149 38 73 350 336 108 172 145 238 431 85 469 250 172 496 231 117 343 337 377 56 353 202 314 460 293 493 298 454 234 254 284 168 467 315 30 220 24 476 417 427 106 192 161 196 493 410 183 94 124 188 260 142 63 214 167 85 165 22 425 228 400 465 116 183 126 57 370 321 116 200 404 75 123 3 367 419 78 245 366 82 248 45 355 206 439 122 301 302 359 110 353 388 311 178 37 237 473 379 340 298 472 73 290 359 338 231 466 216 302 471 337
66 297 484 434 222 375 340 161 294 266 200 88 188 123 400 243 375 98 344 165 106 371 204 452 57 476 366 44 469 220 357 28 77 73 69 154 451 184 428 343 197 6 289 173 249 138 268 64 364 438 76 133 444 433 371 59 147 494 283 451 486 184 411 174 200 94 229 290 391 159 81 16 485 398 92 218 97 1 473 55 441 438 232 473 487 345 353 415 1 158 482 131 340 255 120 241 224 67 52 51 271 121 477 482 176 490 375 119 316 454 136 178 100 180 28 273 298 61 25 245 146 264 14 87 16 47 466 334
289 186 433 34 168 394 475 314 322 2 407 19 247 240 247 115 214 326 161 20 322 376 26 438 379 18 400 223 361 114 142 135 386 214 181 311 32 373 320 264 496 392 89 451 376 462 348 285 266 150 227 195 262 211 464 495 304 233 212 56 473 240 284 362 366 489 442 319 233 141 148 405 400 263 254 399 458 22 249 311 119 205 233 392 8 488 280 258 451 453 430 158 141 259 421 127 378 21 43 372 259 329 327 94 91 160 146 76 351 239 51 45 238 455 474 445 326 244 260 325 337 232 70 192 214 4 407 489
128 272 350 424 227 416 346 469 213 466 30 108 167 481 15 85 180 445 471 229 362 29 46 239 423 10 209 189 146 134 157 300 14 60 247 355 364 496 327 426 453 453 486 97 163 315 113 429 4 334 326 207 376 52 241 242 457 390 448 72 366 27 290 475 223 32 344 204 136 237 361 68 179 393 120 299 29 325 34 389 377 293 30 160 85 416 477 219 206 11 407 298 386 212 114 127 106 226 428 485 255 481 95 447 491 481 229 478 69 333 181 236 175 189 495 72 391 156 389 196 430 468 224 256 294 181 183 395
410 63 72 330 423 384 476 93 145 81 49 208 309 190 240 391 453 14 40 97 372 104 289 137 23 321 85 463 340 84 149 344 261 70 286 421 118 479 145 157 120 281 275 250 472 95 32 55 94 384 418 405 143 451 154 491 397 117 377 147 333 194 32 352 297 447 88 179 21 387 143 174 279 242 303 160 133 71 474 168 304 258 269 90 260 435 209 41 101 189 299 408 87 406 455 93 475 155 382 296 252 145 270 65 363 440 92 297 39 181 446 314 19 457 134 302 298 94 421 278 371 96 457 187 440 490 323 78
264 423 374 153 285 145 81 9 420 119 338 400 416 335 167 60 134 411 69 422 177 298 141 364 6 347 134 175 117 383 270 44 128 102 389 145 214 385 62 140 221 281 367 359 1 34 106 229 385 22 143 172 334 452 443 412 175 361 448 227 267 343 167 214 94 6 463 60 492 212 107 167 142 119 418 166 254 146 230 346 183 22 176 65 389 279 405 396 97 344 80 48 70 460 136 235 492 62 225 47 22 314 399 433 39 108 136 2 93 493 241 288 355 305 171 31 476 16 47 187 210 379 103 286 195 163 149 123
258 374 7 40 155 411 438 401 108 347 290 313 426 481 305 324 274 69 156 122 15 295 31 104 353 454 276 75 285 177 467 42 243 213 125 374 24 447 403 268 315 164 143 433 135 411 493 32 367 187 378 245 315 364 128 206 245 287 76 57 149 369 137 207 191 396 62 369 289 445 12 133 48 383 71 329 287 451 193 281 116 123 297 402 172 56 456 260 256 214 18 186 304 386 361 228 137 457 83 356 101 166 66 436 366 92 432 250 236 189 163 121 454 457 313 64 480 214 363 345 167 297 86 25 216 487 331 273
78 135 60 69 493 465 34 416 277 471 373 151 352 25 349 261 311 188 159 131 176 37 475 160 387 268 309 88 311 438 482 19 253 487 34 110 31 187 122 445 274 156 485 357 479 29 452 56 397 396 405 116 297 325 443 478 274 121 228 48 147 11 24 150 201 215 137 251 323 263 458 255 155 22 71 22 231 31 243 451 301 230 99 424 352 51 289 276 204 372 93 256 170 161 409 227 387 109 38 303 64 260 181 429 470 108 379 352 79 203 193 438 74 370 463 65 303 100 298 111 202 349 11 224 219 53 306 396
83 150 306 94 493 277 410 164 117 142 370 283 222 466 138 362 479 395 131 431 164 402 22 153 365 314 81 414 230 407 304 345 217 322 308 16 306 112 228 449 462 93 18 421 312 164 480 30 122 451 86 27 249 480 452 438 98 409 207 115 194 326 1 402 361 398 205 32 472 51 429 60 496 229 14 75 158 348 374 162 472 152 261 416 102 402 483 365 273 303 246 438 427 147 198 410 468 347 249 354 72 223 172 441 461 119 196 80 296 332 239 245 281 322 428 331 410 351 239 462 365 136 58 97 303 357 244 424
486 435 54 394 67 302 363 121 330 18 422 435 121 24 110 352 442 131 445 72 60 41 270 147 165 248 261 24 457 329 141 300 175 322 213 390 35 43 292 67 90 387 361 357 213 285 401 197 49 215 165 11 146 378 300 150 123 314 42 111 211 220 395 118 104 429 325 260 403 363 202 81 332 413 348 59 331 370 485 266 467 27 46 493 209 458 412 403 151 211 469 385 349 50 424 207 326 18 458 217 190 43 270 64 277 402 318 323 328 463 186 101 80 196 38 39 30 141 343 105 257 292 56 131 408 386 6 253
174 174 447 230 177 66 476 289 75 282 77 479 274 192 257 269 68 234 445 403 222 431 417 343 493 97 289 312 129 427 478 313 314 481 422 343 217 9 466 153 204 326 303 433 334 352 369 32 422 413 312 33 316 75 354 350 278 233 359 2 47 301 53 162 458 380 208 114 108 237 426 141 376 81 130 496 280 316 363 127 193 214 152 201 3 117 1 435 294 375 31 116 416 248 391 310 97 146 223 451 340 258 175 236 293 302 388 312 264 327 265 3 475 393 70 349 283 235 398 310 27 215 29 320 466 456 338 364
254 214 219 478 263 228 52 389 441 419 494 62 42 243 493 117 369 406 301 360 145 42 451 40 281 357 485 379 368 338 412 182 166 129 207 438 165 432 370 443 35 342 373 312 97 7 145 334 19 276 149 138 383 288 452 27 123 276 13 286 47 464 280 64 109 26 93 468 66 395 477 260 103 410 99 357 490 207 213 303 175 424 39 126 87 386 188 73 445 125 434 286 354 245 75 217 92 394 94 115 214 420 415 478 92 180 421 387 50 432 30 87 38 284 109 451 253 435 188 250 324 491 180 39 293 99 223 202
88 450 203 365 314 379 217 400 84 485 143 283 390 333 398 203 46 65 277 419 311 419 446 218 112 72 75 265 457 383 355 374 74 181 317 156 216 90 387 157 415 320 252 189 373 211 373 379 193 457 205 3 432 211 392 433 42 360 420 2 17 184 24 124 256 267 124 142 461 417 479 204 297 121 207 187 230 380 333 405 243 288 372 71 432 127 354 165 166 62 250 230 480 226 481 311 136 78 296 165 21 433 176 35 447 53 428 483 180 29 439 423 333 468 194 292 26 309 92 383 308 204 436 55 94 184 203 124
306 388 208 474 207 456 136 463 93 153 413 128 296 218 43 167 192 492 296 193 288 13 16 31 145 420 17 261 19 124 406 68 35 30 150 443 363 460 244 85 111 439 212 166 124 491 271 422 490 191 324 148 327 345 31 35 167 94 263 64 405 473 130 231 339 126 131 431 263 364 301 334 166 187 13 106 401 82 258 270 97 80 481 16 301 194 369 257 345 421 23 125 304 394 419 479 411 179 331 272 420 95 152 236 91 458 142 65 82 20 411 234 275 379 367 403 195 138 8 220 136 283 58 32 164 66 85 420
317 384 19 91 176 14 316 54 118 303 276 372 377 321 203 285 156 450 475 160 26 190 246 54 122 229 352 251 268 339 218 264 323 306 70 104 31 415 146 60 420 468 450 332 454 447 65 384 488 352 292 254 133 251 255 240 437 438 348 320 80 375 44 490 304 410 7 18 30 9 214 66 305 10 245 298 324 463 307 377 112 431 226 329 169 299 26 279 348 186 421 158 172 362 150 415 179 38 170 309 190 67 364 61 312 65 28 242 121 488 320 420 174 234 344 252 345 489 331 368 131 115 101 164 485 20 138 257
487 24 213 31 118 396 1 218 288 82 345 296 430 223 20 180 456 440 227 92 96 223 378 350 458 87 15 114 94 116 347 8 229 398 486 343 445 295 405 371 343 50 295 476 374 455 279 481 440 185 106 454 37 484 9 401 100 131 57 157 189 395 399 169 83 127 89 221 248 222 336 210 80 322 74 330 241 122 35 453 239 467 274 331 225 225 185 242 288 277 164 347 225 19 45 487 369 86 332 132 437 197 133 487 37 210 243 243 456 65 309 240 192 357 87 261 336 9 287 352 138 378 219 409 198 271 170 329
290 12 32 158 259 152 435 156 420 241 88 219 265 431 59 188 275 386 88 416 384 95 351 332 337 423 202 403 260 253 125 71 467 367 163 408 209 344 78 157 3 220 403 266 456 207 261 251 57 176 439 201 305 384 171 368 482 180 101 322 29 308 417 119 164 390 207 307 207 388 191 453 296 364 196 172 132 195 249 104 110 197 192 202 328 159 6 62 352 147 368 306 295 201 170 270 155 404 175 373 43 6 301 73 337 143 306 368 340 163 86 277 427 248 57 389 216 145 414 46 187 152 227 467 150 404 82 496
402 455 352 175 110 215 369 126 57 179 471 326 118 433 469 445 260 496 354 347 78 256 19 300 45 293 152 487 329 413 145 144 10 12 69 118 140 281 69 342 216 396 261 20 196 135 118 35 259 412 416 53 87 317 367 391 86 461 340 199 208 432 464 133 291 8 110 369 451 207 358 275 83 29 78 5 175 161 138 493 262 354 434 170 75 354 297 335 469 350 247 439 315 35 33 399 444 127 205 455 431 469 337 323 109 89 465 296 14 180 335 374 112 126 117 417 462 475 14 181 187 213 317 136 229 128 30 464
399 304 418 456 115 196 253 186 323 264 211 220 442 40 467 482 117 465 22 106 130 147 491 430 235 169 481 217 335 116 119 214 51 271 297 240 52 435 52 319 352 265 81 334 411 32 272 214 461 165 459 119 492 376 104 257 46 185 219 459 230 55 300 186 425 403 206 77 489 450 447 110 366 440 295 359 437 217 155 252 229 291 74 329 347 207 34 260 69 64 85 245 283 249 317 167 437 278 83 238 90 235 445 288 470 350 228 343 314 459 45 262 326 393 250 174 32 174 112 135 158 16 303 155 471 467 389 495
294 306 23 457 287 2 479 233 478 247 216 17 290 175 473 246 449 9 385 405 172 55 59 1 103 222 456 383 84 337 466 343 266 305 74 359 197 158 485 182 466 425 108 303 389 266 459 308 323 137 111 203 419 70 265 265 10 350 442 374 211 350 127 402 268 212 359 253 307 33 164 10 234 80 329 490 312 124 139 335 346 56 16 197 450 305 323 209 405 285 48 88 423 280 58 165 97 341 125 417 190 385 45 336 25 485 409 416 425 369 368 105 384 206 488 425 141 151 190 451 233 209 185 332 7 457 392 462
95 348 160 181 224 287 285 457 368 301 72 400 451 125 491 53 423 60 277 65 405 33 433 397 244 292 489 47 350 323 65 386 184 218 481 464 379 243 35 8 263 288 377 280 299 210 19 433 328 312 142 373 258 69 447 63 8 72 103 370 114 138 411 454 472 297 495 52 391 138 149 451 490 49 320 64 396 306 352 67 131 168 269 443 46 188 480 387 65 4 222 460 472 98 42 364 153 431 215 345 438 414 88 480 399 137 374 164 383 198 329 479 441 57 391 98 280 95 118 379 143 82 305 58 117 296 172 340
142 493 400 420 127 416 437 351 300 83 153 493 138 218 6 41 311 319 389 399 410 67 287 131 333 430 494 133 284 141 281 311 239 159 318 466 129 240 474 248 118 34 280 254 419 409 99 192 219 202 144 236 285 205 486 364 31 314 327 238 443 490 134 88 192 32 65 239 281 286 33 470 482 106 100 135 267 475 467 16 400 333 216 125 377 126 185 108 491 192 449 413 392 130 109 234 66 92 324 93 476 235 95 223 371 478 244 76 364 154 30 280 402 5 2 480 364 137 179 55 231 315 305 78 237 189 87 98
220 279 249 347 454 116 198 47 351 230 272 454 320 452 55 327 397 196 344 192 210 412 348 250 240 450 459 325 425 97 19 206 462 472 122 422 426 137 393 391 418 410 28 187 462 99 53 449 169 140 483 380 77 314 481 475 163 124 77 56 89 362 85 244 45 429 486 114 222 364 179 225 487 440 253 136 230 490 166 245 8 16 391 392 278 384 242 127 334 429 5 148 458 112 77 111 328 436 410 31 33 285 375 240 123 134 89 55 357 315 194 489 232 468 220 102 271 12 439 381 115 476 356 483 444 446 189 274
395 60 201 108 35 315 320 396 325 374 394 455 301 397 1 196 75 254 275 427 240 208 483 66 451 310 55 292 244 166 182 494 290 22 103 45 94 95 3 146 279 322 408 362 303 117 79 415 357 49 237 421 259 252 314 465 436 215 447 339 239 441 371 454 457 293 412 358 409 242 49 449 71 343 67 204 402 130 270 241 34 288 357 78 407 281 165 307 287 381 187 259 132 321 450 412 267 93 75 479 276 473 453 201 249 303 377 187 135 299 415 101 139 149 19 267 67 102 178 199 421 269 256 307 169 36 174 224
84 494 126 305 255 46 280 130 82 70 96 162 268 146 299 439 397 236 217 466 252 274 258 220 26 26 157 393 234 107 86 482 490 432 319 303 138 75 168 312 283 331 261 46 260 376 476 170 489 33 210 71 19 158 496 72 386 255 216 30 426 172 85 20 113 388 406 281 493 409 110 274 7 331 186 436 396 408 461 113 332 401 314 458 487 84 299 287 173 236 307 219 385 480 59 406 211 183 10 83 41 112 221 380 156 446 329 428 64 338 264 493 288 353 20 284 174 254 1 272 72 408 284 216 401 186 409 378
5 193 269 231 297 325 197 177 305 297 401 101 265 68 100 166 171 369 1 274 340 36 262 278 328 435 355 388 210 321 401 18 278 227 362 287 263 366 345 220 22 224 330 32 346 12 220 134 447 323 278 391 67 187 403 117 493 117 246 265 6 462 18 454 268 119 268 254 319 418 153 423 203 470 46 484 132 154 150 455 231 18 134 289 324 139 56 144 394 381 133 413 243 229 383 323 301 359 266 68 102 138 263 83 26 153 30 434 195 276 200 128 317 202 100 194 346 291 206 316 432 236 292 158 291 233 116 207
238 303 180 496 226 55 483 168 129 495 409 431 215 327 75 313 362 372 1 476 452 455 226 381 464 262 268 340 493 274 462 207 455 330 258 307 390 362 365 136 110 223 269 92 437 325 113 167 244 469 299 358 24 449 198 128 107 63 141 149 285 21 439 60 132 31 277 438 226 408 215 290 348 429 20 405 169 231 138 286 395 200 313 226 467 295 488 382 254 301 250 245 66 111 76 101 428 378 209 240 189 91 393 288 374 271 473 38 300 183 34 370 459 43 252 478 408 120 167 199 415 435 337 248 85 415 385 474
91 241 92 65 420 257 223 3 33 67 138 468 224 64 250 134 337 53 185 71 465 68 44 70 264 266 5 398 496 259 189 85 49 298 463 195 194 324 156 481 172 177 441 496 190 133 462 380 209 60 60 173 309 389 220 193 266 78 410 306 417 452 286 394 4 305 226 468 290 183 416 381 144 279 39 100 370 435 229 126 1 327 469 328 327 482 339 420 321 34 202 40 373 391 127 394 30 8 422 201 238 437 98 125 129 399 219 17 40 298 191 178 69 402 492 284 418 364 393 444 1 124 352 261 123 279 10 333
319 113 66 16 245 206 459 213 74 80 458 169 436 479 309 388 318 10 409 405 243 246 199 109 460 389 236 139 346 340 290 378 260 171 248 65 204 143 204 221 351 237 334 30 387 338 344 126 415 257 1 266 81 304 63 443 11 454 41 148 446 28 439 283 15 243 304 198 112 27 229 492 423 436 424 121 485 11 380 111 307 184 317 249 24 458 121 294 144 312 125 223 110 79 114 127 300 482 107 116 460 81 47 436 416 322 394 137 248 405 395 109 234 458 61 240 107 192 373 456 142 122 63 425 36 9 81 318
276 125 475 235 465 464 210 196 28 192 328 192 220 428 312 53 219 469 32 198 227 414 427 486 171 228 303 11 168 99 331 302 442 491 348 31 14 212 479 411 238 91 170 301 429 369 68 344 120 183 127 428 291 202 332 287 249 345 212 154 447 139 72 71 308 458 203 177 240 482 376 422 104 270 467 264 125 212 436 420 81 129 88 250 64 234 172 1 215 237 220 257 311 494 446 374 372 95 37 418 198 345 132 394 87 204 253 224 366 419 235 97 50 430 341 120 142 372 416 305 248 304 274 75 366 368 179 463
284 156 436 81 296 265 302 238 122 285 281 2 263 485 383 95 276 368 449 359 193 151 68 282 389 195 80 387 349 156 131 451 90 38 18 149 455 339 352 443 246 7 319 450 237 189 220 279 51 87 448 417 354 338 325 249 496 330 314 191 89 219 68 167 356 224 87 467 384 77 487 481 179 9 263 333 222 97 461 48 61 115 232 237 356 44 138 364 196 329 292 290 44 266 231 47 351 189 83 76 204 443 159 219 470 375 494 18 176 429 391 187 34 112 315 214 185 340 326 110 250 329 434 429 45 32 303 89
146 243 335 175 246 363 395 236 174 213 207 372 14 121 160 334 458 51 125 206 394 96 25 324 193 338 171 314 29 317 424 39 140 476 449 451 399 496 496 2 370 232 126 80 352 479 470 87 413 426 198 69 449 184 410 480 180 477 126 489 119 476 296 384 284 237 59 384 238 250 138 348 235 256 183 95 36 425 210 221 33 328 436 388 209 120 301 92 482 97 203 75 486 88 270 216 276 491 261 13 227 161 239 148 112 418 255 360 425 434 167 110 482 87 196 110 442 221 373 124 416 169 270 183 237 402 137 156
200 106 424 290 172 81 433 235 45 62 375 55 18 430 57 124 215 312 263 250 18 221 407 170 460 282 245 134 226 149 70 241 60 182 314 124 465 253 70 130 329 276 410 108 356 230 319 170 256 394 292 464 123 451 337 11 330 260 389 211 366 13 315 422 475 352 314 183 138 455 70 382 379 264 156 199 432 56 231 127 399 204 98 311 283 384 224 90 174 87 220 146 322 318 407 363 173 213 298 371 485 294 58 489 198 336 67 208 212 454 253 105 219 16 37 177 225 202 304 461 74 14 239 68 312 296 496 412
433 16 199 65 175 437 197 77 491 185 15 205 373 409 172 367 452 127 225 371 111 374 27 176 488 41 293 61 337 469 121 62 148 282 161 353 364 430 333 390 42 427 88 354 171 113 205 289 142 281 356 492 397 331 99 490 232 26 465 1 122 310 344 98 189 47 495 18 294 9 133 268 73 165 276 93 162 382 237 217 424 475 134 236 67 163 344 286 323 387 157 486 321 245 461 352 406 444 87 334 260 401 92 125 267 355 142 50 446 109 395 333 299 464 13 292 269 105 489 109 487 7 237 293 269 275 482 149
93 359 2 306 415 86 365 195 369 4 220 118 93 490 484 353 2 219 369 294 409 276 27 358 455 360 102 340 266 27 495 467 208 275 405 402 179 87 379 197 311 272 176 409 243 360 214 385 280 491 292 135 125 118 415 144 399 169 397 32 131 5 90 292 274 438 264 392 147 306 429 136 357 46 287 376 447 84 407 166 111 393 65 464 422 3 388 65 281 230 428 185 450 46 351 487 61 437 427 185 270 280 431 439 221 49 112 48 408 47 140 445 354 422 100 323 478 481 467 347 252 397 111 3 365 44 377 316
60 475 80 477 77 304 163 195 238 410 238 304 482 77 440 386 200 151 155 76 371 225 455 172 484 124 490 431 352 268 363 377 356 251 120 257 377 328 222 375 464 164 458 489 188 253 371 121 493 307 485 83 274 346 31 341 493 279 288 182 55 459 488 344 269 110 375 244 257 373 254 428 302 351 341 315 405 67 12 489 121 461 380 76 438 484 288 345 418 193 410 116 392 251 442 417 321 389 120 452 70 112 72 275 75 15 62 191 338 68 237 162 443 161 121 116 295 384 417 190 293 174 264 142 362 120 457 164
