459 459 860 163 677 515 1011 516 970 297 590 610 967 918 406 909 527 629 668 998 515 271 817 644 25 621 709 228 1014 394 921 872 1013 653 426 450 979 301 982 831 1015 185 411 725 790 326 693 435 560 920 903 745 788 936 539 128 843 665 1015 424 832 250 116 864
807 210 789 23 543 445 753 648 875 989 860 732 690 429 37 892 403 332 991 297 685 52 199 450 550 834 69 423 406 508 741 821 133 501 602 619 46 179 448 175 153 56 732 386 786 344 608 67 833 965 799 320 172 478 724 632 211 968 242 756 533 145 969 531
103 248 230 41 397 670 539 998 816 211 946 859 733 386 780 202 396 588 493 27 404 610 124 104 188 325 167 2 357 801 457 92 923 297 353 303 1016 178 198 784 693 923 859 708 458 872 275 791 838 532 561 1017 124 835 588 978 1003 537 745 889 477 87 264 872
882 538 229 1008 786 361 37 818 983 254 979 325 747 905 911 14 22 493 67 644 582 275 575 879 609 87 587 125 872 170 866 372 323 214 7 76 337 456 988 427 691 405 600 138 502 560 706 194 77 875 906 876 483 563 417 32 514 671 526 1005 548 58 248 281
270 80 752 609 921 885 23 461 529 589 1002 985 888 865 861 193 902 458 253 434 165 700 722 996 1015 260 556 719 918 495 397 644 483 631 115 353 253 639 461 727 561 370 492 512 690 109 972 259 934 900 368 22 267 271 913 910 625 928 321 462 292 623 76 402
726 364 820 1013 420 844 273 155 244 97 266 332 360 11 991 893 355 709 636 239 845 708 168 32 328 693 382 563 530 384 1009 374 750 187 759 815 880 464 310 324 792 656 481 219 42 761 341 463 839 271 431 359 777 793 146 423 196 224 101 478 149 463 612 569
364 1012 125 718 441 766 651 649 943 337 261 851 557 388 738 445 166 890 41 584 855 219 930 632 219 58 724 347 727 724 289 518 4 615 921 1016 779 53 628 145 399 20 930 535 197 581 310 678 719 610 237 458 259 225 299 145 840 265 438 33 844 165 211 760
396 541 260 16 804 102 795 366 487 684 593 294 622 111 866 483 896 274 254 806 385 652 170 514 255 781 615 284 692 956 964 1000 640 418 301 38 86 640 799 362 440 769 454 161 1018 872 412 541 605 795 645 448 172 1024 79 826 876 701 133 686 513 857 18 242
938 439 992 881 972 245 556 599 249 711 190 892 18 585 765 175 704 418 665 583 338 960 286 487 511 855 269 938 227 44 214 263 758 278 907 845 819 886 930 165 105 540 224 624 234 229 941 377 16 648 541 932 803 731 304 902 707 668 573 414 308 405 458 886
377 556 959 741 988 78 338 827 100 795 266 882 390 947 754 717 258 354 218 400 684 727 475 35 787 350 155 128 807 212 201 578 480 899 760 171 529 278 985 387 864 592 586 144 390 150 378 979 408 856 532 721 216 24 196 858 555 124 343 959 448 826 268 260
217 134 336 128 786 344 897 386 327 243 447 37 317 114 901 1022 860 384 636 453 626 948 387 329 574 974 334 461 662 398 22 190 538 412 391 140 228 485 1011 38 712 528 216 148 25 900 726 128 440 501 18 893 595 821 882 880 151 710 657 595 907 130 142 549
435 984 438 79 29 324 106 699 755 991 28 7 360 718 169 655 392 518 583 776 898 138 81 324 783 975 500 890 98 648 327 836 84 247 521 839 682 326 68 511 710 500 551 32 796 737 727 33 613 815 299 188 596 326 172 732 522 228 710 278 542 820 617 112
266 685 38 325 217 545 873 409 365 577 86 334 847 862 765 595 446 915 889 450 267 673 1005 114 1 702 131 338 260 507 845 443 749 631 962 801 424 968 232 493 632 693 220 33 366 599 855 354 381 555 244 500 531 770 711 642 225 382 885 113 853 455 520 580
533 523 230 470 945 162 289 546 844 284 361 54 461 417 92 641 1011 982 518 854 707 494 370 495 930 115 34 487 297 536 182 627 926 875 652 921 521 781 889 91 403 48 279 633 334 767 407 320 835 447 299 785 165 274 666 267 879 934 970 909 705 311 111 368
368 318 257 329 287 1023 371 842 353 103 5 403 392 440 818 453 564 922 999 205 215 378 573 721 556 745 370 803 527 277 713 864 61 526 297 361 407 165 675 717 490 95 199 879 1008 759 38 150 825 915 728 321 839 845 650 634 392 16 466 397 498 839 1004 252
450 422 265 181 187 431 282 155 448 997 602 85 363 134 737 335 885 979 872 30 1011 940 658 1004 441 241 64 396 723 409 31 509 161 807 290 724 391 388 540 633 731 613 1002 908 533 115 397 966 18 207 745 847 564 843 623 549 132 593 1018 33 16 743 422 180
166 687 586 648 931 351 557 541 307 977 513 280 34 607 569 184 743 523 215 791 217 871 226 412 959 541 282 670 386 405 34 752 376 868 66 268 765 577 524 177 94 1018 884 144 65 747 490 349 391 733 792 802 232 36 741 559 889 689 584 639 917 30 848 970
177 610 353 975 972 455 139 625 772 109 375 67 956 691 387 874 691 271 79 577 97 318 1016 9 488 174 75 7 647 175 1002 272 249 902 904 379 531 891 300 283 882 23 444 521 107 449 823 987 127 727 274 796 837 661 936 134 667 439 605 468 854 608 375 379
619 327 388 774 101 704 726 686 891 592 270 232 304 151 840 623 474 1004 212 162 137 425 309 392 860 608 934 87 163 113 125 272 520 40 412 730 829 920 134 401 372 568 48 962 790 455 570 765 42 850 423 37 959 1015 977 192 399 583 453 815 886 559 537 721
251 59 557 968 953 302 27 127 900 217 343 284 990 622 719 586 846 679 870 76 93 544 1020 810 696 563 945 364 574 766 298 34 586 730 887 316 636 211 978 621 693 381 22 1002 786 916 642 119 992 962 328 891 22 118 617 966 10 696 741 986 478 95 256 640
677 237 883 359 458 870 752 152 801 565 19 588 507 709 617 508 818 193 949 827 898 490 223 665 912 577 815 404 73 127 987 948 508 342 312 207 418 421 367 934 806 749 968 152 581 518 245 242 605 954 370 489 192 391 201 746 433 16 936 843 30 26 716 130
446 214 180 131 590 477 605 349 961 222 573 776 867 431 255 390 992 796 709 669 860 700 122 717 224 235 593 355 560 626 233 477 381 768 320 342 499 740 165 202 97 879 519 590 353 405 342 903 785 191 556 391 376 21 619 427 432 798 635 892 752 496 206 574
43 82 358 900 950 270 113 813 51 817 870 129 138 960 741 257 163 223 161 204 575 113 168 454 163 589 421 745 447 584 83 730 650 582 48 1004 58 747 1017 115 922 402 691 854 953 978 781 703 249 632 93 186 85 315 528 823 25 613 771 778 127 1004 460 990
201 491 132 759 981 297 721 847 456 517 591 718 406 925 693 618 152 585 635 743 404 807 670 870 792 782 931 352 480 808 625 358 759 781 224 527 486 220 900 329 65 277 302 643 843 337 720 735 165 370 710 483 132 239 749 106 570 240 897 372 665 889 291 478
501 157 915 434 404 262 12 536 780 446 329 720 958 617 441 918 62 759 948 837 661 560 530 989 495 171 707 922 345 650 832 227 685 247 585 416 356 746 747 924 344 724 873 764 430 959 190 943 669 695 247 360 673 756 221 656 546 745 703 638 411 28 514 3
168 994 1016 207 101 472 724 1024 898 139 445 839 466 613 472 144 612 248 634 770 726 134 310 137 204 319 818 697 714 240 779 737 985 366 621 622 589 150 943 887 385 518 631 31 901 839 171 175 39 63 62 653 765 355 134 248 417 692 957 627 813 965 400 518
2 1015 154 691 474 724 562 183 346 823 161 2 790 1017 249 183 914 406 329 351 138 852 807 807 616 929 548 806 797 247 590 132 652 305 167 885 302 379 889 173 569 241 810 656 616 124 418 635 765 28 465 661 343 127 20 697 667 777 1004 821 417 925 982 461
949 321 792 323 910 603 900 750 882 78 804 932 418 944 333 1020 62 558 711 885 431 435 130 982 869 919 866 283 457 500 213 779 827 746 669 914 166 102 377 385 185 726 65 678 716 900 588 244 647 684 746 324 1018 168 278 218 341 899 340 532 387 813 523 290
222 200 257 519 116 750 474 763 1012 360 702 741 456 293 243 325 1019 287 154 762 807 767 845 764 714 946 223 323 317 199 20 280 24 381 477 44 977 186 107 215 147 228 67 443 641 751 419 697 899 779 904 370 593 532 414 688 848 776 363 909 280 651 434 943
917 961 676 740 823 36 804 907 964 641 697 484 622 638 80 177 803 197 691 578 261 772 458 320 878 880 209 467 889 253 920 970 958 539 555 719 1022 663 455 792 423 335 516 517 192 343 720 243 404 16 988 776 892 36 628 280 650 494 47 93 328 994 992 361
793 783 195 551 82 401 650 330 266 544 666 648 359 177 548 504 484 838 820 17 202 691 296 848 915 515 402 1006 934 937 162 350 922 191 825 926 812 163 939 293 8 634 549 844 983 498 658 812 685 513 364 1017 514 74 633 517 76 565 303 1024 479 979 454 720
17 338 611 1000 226 71 1010 814 129 769 796 192 723 176 391 771 799 527 670 10 815 639 572 853 737 849 122 32 336 775 442 696 354 746 394 306 904 1015 602 128 163 808 753 242 827 730 30 592 973 610 648 927 14 553 275 327 797 917 514 251 329 91 890 511
745 26 941 366 746 277 91 1010 703 823 916 244 363 421 375 157 471 665 923 706 812 131 678 622 851 745 402 258 52 6 971 305 264 362 609 103 223 267 789 152 84 48 7 65 918 673 623 190 593 414 164 538 262 262 48 431 14 350 702 408 665 941 142 877
944 165 813 822 425 387 26 110 447 971 833 669 919 912 801 705 122 187 999 127 17 220 54 886 645 254 980 487 969 545 967 842 221 449 227 980 859 996 145 487 502 587 7 835 110 571 646 433 28 708 228 231 466 177 675 608 814 527 512 757 157 135 32 90
403 661 506 527 144 76 706 182 528 42 597 130 313 837 723 208 208 705 991 687 352 609 686 989 899 65 136 702 929 958 279 974 46 815 380 197 436 386 894 277 319 855 388 855 1024 270 41 663 730 325 925 513 685 150 833 860 348 823 222 188 312 122 995 707
270 208 321 849 953 898 299 257 562 24 270 832 804 620 1014 987 915 516 278 195 485 56 536 732 976 577 994 230 100 144 801 529 811 599 293 1019 992 973 873 864 966 971 291 986 271 190 869 878 206 731 513 546 652 594 770 966 218 318 191 114 212 979 841 33
573 910 220 645 759 67 253 886 153 710 145 807 380 637 790 415 946 563 364 683 562 503 794 982 167 298 357 593 597 70 175 908 246 628 458 5 14 1003 127 387 323 502 996 995 787 385 647 339 924 507 678 153 946 791 501 913 1017 202 88 8 266 190 3 851
133 32 97 571 560 661 899 304 949 796 299 91 656 655 745 436 1014 819 508 867 273 334 105 1021 767 702 841 420 405 994 940 105 499 250 339 178 132 556 454 318 699 149 984 544 874 998 670 290 19 458 905 461 627 783 901 787 108 837 712 856 65 952 840 868
473 203 198 112 802 378 479 184 133 911 918 122 328 459 170 680 925 940 409 525 626 944 841 851 78 867 729 242 58 940 430 543 910 963 196 95 475 863 953 550 750 450 481 139 67 458 1018 326 270 355 673 597 762 333 197 604 942 984 638 852 980 348 132 976
466 133 132 368 747 107 708 309 824 519 1019 49 711 28 194 683 211 323 677 730 101 312 196 8 286 1006 394 957 996 455 771 771 911 146 240 234 906 357 804 186 123 788 241 895 791 599 65 952 177 915 580 494 386 757 612 894 176 161 524 887 37 68 27 412
34 1001 819 963 845 989 698 890 22 154 383 101 149 496 1009 732 773 183 806 999 828 306 1023 601 105 433 143 426 874 549 526 372 261 932 232 478 157 974 36 603 931 821 755 51 523 335 644 620 606 388 730 266 250 8 1015 769 894 907 80 841 960 815 843 117
565 141 203 334 834 832 27 429 342 908 195 693 849 384 798 25 324 639 856 611 780 737 480 116 622 516 550 237 174 724 218 259 644 356 563 687 892 874 1005 764 727 65 974 36 204 562 846 855 149 124 187 368 450 183 49 645 376 695 131 848 207 432 106 548
211 935 311 94 66 567 140 562 743 56 922 245 867 760 587 159 481 175 156 261 978 105 318 818 849 729 205 196 763 462 728 546 863 411 992 552 1004 118 68 150 840 565 124 412 268 902 139 316 187 137 442 813 73 244 622 684 145 717 489 948 709 783 175 625
910 206 201 392 57 510 636 627 339 923 311 422 37 676 613 417 554 226 208 191 863 724 420 374 881 671 452 360 1024 651 144 724 730 58 917 272 39 94 389 716 30 856 891 117 344 211 41 304 802 462 432 670 252 192 647 926 142 613 868 897 360 267 772 457
188 826 337 436 574 426 191 925 700 969 709 989 880 573 477 491 223 913 339 959 819 493 651 8 527 914 415 730 163 788 848 905 98 234 184 432 249 967 532 900 392 30 335 739 485 310 111 14 904 179 279 801 805 387 437 897 587 447 370 482 252 488 306 806
185 526 943 12 562 986 664 527 837 978 338 552 485 301 258 275 449 222 47 950 1018 67 796 953 432 574 704 782 634 941 225 1015 512 671 221 845 215 876 840 611 288 481 390 439 72 222 350 604 115 501 1012 236 1005 298 199 277 737 442 623 507 923 286 282 197
404 875 858 46 708 249 796 539 381 943 626 489 549 360 262 442 567 650 728 462 939 989 317 1000 189 383 130 784 444 311 171 284 470 421 663 523 130 527 511 588 919 393 968 977 207 446 854 116 94 714 164 536 119 615 40 133 495 656 158 681 454 423 816 547
176 990 49 375 784 370 89 782 448 687 315 897 554 429 471 676 826 35 424 89 904 941 755 772 456 285 115 550 377 143 859 604 787 861 1004 970 30 634 1016 906 206 714 454 205 875 997 351 881 426 373 952 681 345 390 511 676 681 473 907 873 292 255 809 974
998 563 854 48 485 693 577 125 976 76 988 322 675 673 327 954 369 143 604 363 379 777 988 401 279 843 183 25 987 768 3 362 561 826 509 72 669 596 537 198 9 460 589 785 689 570 945 980 380 917 787 761 343 842 540 946 312 580 23 324 966 973 432 871
588 579 573 60 854 271 474 728 262 806 787 363 1020 221 422 257 798 499 983 363 754 256 619 692 677 410 134 602 964 785 599 671 987 882 868 765 78 347 666 99 907 362 79 506 288 793 1023 27 179 842 296 666 846 622 484 126 283 420 923 647 894 7 865 448
535 261 469 647 920 774 243 168 408 746 458 98 767 69 589 260 335 23 369 978 525 374 799 314 866 312 661 502 476 630 473 184 151 531 450 968 920 454 66 246 609 496 1012 643 640 237 625 437 641 278 1013 560 613 326 273 833 198 421 15 868 483 660 516 667
508 503 436 924 777 340 246 604 944 729 881 521 153 497 377 944 988 10 898 35 602 519 749 814 797 302 90 747 94 305 1020 865 283 659 558 96 198 995 487 861 844 870 890 89 350 850 963 864 750 734 117 528 230 614 400 20 886 148 1014 382 487 474 597 273
978 872 104 659 425 499 423 16 868 924 727 834 603 434 863 258 662 713 520 616 257 707 557 425 138 135 449 859 372 176 616 166 715 17 506 376 473 362 498 937 161 498 195 298 266 844 607 743 190 814 184 963 553 638 774 859 798 793 114 151 757 352 17 335
583 650 638 911 636 595 198 1015 898 388 575 1012 549 543 310 831 530 658 663 411 428 93 712 437 907 538 941 23 472 959 693 768 593 385 248 906 736 941 912 812 871 1006 620 444 364 402 250 1011 625 325 644 941 947 893 187 23 439 103 4 859 662 381 316 568
711 392 615 494 482 137 385 54 204 689 146 622 468 19 247 875 876 579 123 863 958 295 140 1023 206 138 998 960 497 58 463 630 1003 631 276 909 694 498 475 333 145 195 574 369 302 744 180 896 574 667 308 633 959 514 60 485 594 890 740 165 973 2 198 95
379 58 450 909 406 433 60 278 645 837 533 430 444 210 446 941 451 538 184 524 161 291 882 250 474 658 176 362 715 256 27 17 213 599 122 305 340 177 235 165 678 964 515 283 755 911 450 702 616 772 925 123 793 754 524 395 862 956 445 18 59 847 887 249
989 120 729 860 458 1005 246 115 229 386 110 550 683 509 101 265 221 610 869 647 825 202 79 330 336 995 29 983 521 877 796 224 41 889 155 829 742 143 709 635 120 291 81 573 1014 871 848 26 748 171 817 474 123 767 590 895 918 676 716 761 528 746 561 732
464 832 881 487 830 672 757 80 479 509 884 299 104 827 381 644 456 861 77 998 958 987 301 233 932 1018 836 343 282 900 297 388 893 583 498 854 445 621 409 678 109 182 750 796 267 618 473 871 644 656 622 231 473 969 897 308 531 346 15 754 673 806 825 1000
990 172 970 170 1020 973 902 109 426 687 863 904 789 511 439 200 126 651 515 981 516 475 220 689 42 729 146 739 554 656 566 127 710 142 188 541 951 463 660 777 509 119 831 488 652 270 274 257 1019 844 554 507 153 441 394 535 495 938 380 96 453 941 827 972
543 87 759 176 231 446 591 755 307 811 755 780 66 930 571 628 667 483 561 674 773 421 38 957 248 900 606 939 260 514 955 386 539 499 585 810 202 985 253 670 873 368 406 633 544 845 138 875 245 824 584 770 549 43 528 212 484 108 60 915 82 909 152 929
559 756 240 617 795 8 795 522 811 392 499 318 6 967 216 285 755 744 688 823 581 304 625 770 837 252 422 844 618 565 489 804 353 1 831 577 222 472 961 706 924 554 344 735 154 301 157 932 332 45 67 998 449 901 407 574 579 471 340 758 641 902 758 500
11 684 868 913 817 619 300 885 937 794 1014 685 715 696 1019 277 270 171 887 682 11 994 184 66 705 740 93 711 667 662 605 812 249 284 783 451 662 665 269 806 966 712 337 959 91 437 39 632 229 110 307 133 169 41 94 306 63 337 562 200 697 605 790 993
948 319 770 495 528 521 994 504 576 486 578 972 809 880 293 106 980 438 316 29 49 392 184 47 409 207 290 690 862 851 670 929 149 11 1013 86 940 922 524 284 884 734 480 784 819 292 310 60 548 375 756 204 63 487 59 802 165 33 862 590 976 295 970 619
65 727 913 837 924 948 658 852 783 450 966 639 820 948 834 870 743 950 370 2 577 144 54 618 542 483 120 626 596 807 474 720 587 69 955 837 762 765 406 148 402 101 388 928 407 880 319 675 231 290 774 317 813 521 857 67 859 455 465 461 681 390 714 935
